1.0000000000000000 0.1000000000000000 0.2000000000000000 0.1000000000000000 1
1.0000000000000000 0.1000000000000000 0.2000000000000000 0.4000000000000000 4
1.0000000000000000 0.1000000000000000 0.2000000000000000 1.4000000000000001 14
1.0000000000000000 0.1000000000000000 0.2000000000000000 5.3000000000000007 53
1.0000000000000000 0.1000000000000000 0.2000000000000000 20.0000000000000000 200
2.0000000000000000 0.1000000000000000 0.2000000000000000 0.1000000000000000 1
2.0000000000000000 0.1000000000000000 0.2000000000000000 0.4000000000000000 4
2.0000000000000000 0.1000000000000000 0.2000000000000000 1.4000000000000001 14
2.0000000000000000 0.1000000000000000 0.2000000000000000 5.3000000000000007 53
2.0000000000000000 0.1000000000000000 0.2000000000000000 20.0000000000000000 200
3.0000000000000000 0.1000000000000000 0.2000000000000000 0.1000000000000000 1
3.0000000000000000 0.1000000000000000 0.2000000000000000 0.4000000000000000 4
3.0000000000000000 0.1000000000000000 0.2000000000000000 1.4000000000000001 14
3.0000000000000000 0.1000000000000000 0.2000000000000000 5.3000000000000007 53
3.0000000000000000 0.1000000000000000 0.2000000000000000 20.0000000000000000 200
4.0000000000000000 0.1000000000000000 0.2000000000000000 0.1000000000000000 1
4.0000000000000000 0.1000000000000000 0.2000000000000000 0.4000000000000000 4
4.0000000000000000 0.1000000000000000 0.2000000000000000 1.4000000000000001 14
4.0000000000000000 0.1000000000000000 0.2000000000000000 5.3000000000000007 53
4.0000000000000000 0.1000000000000000 0.2000000000000000 20.0000000000000000 200
5.0000000000000000 0.1000000000000000 0.2000000000000000 0.1000000000000000 1
5.0000000000000000 0.1000000000000000 0.2000000000000000 0.4000000000000000 4
5.0000000000000000 0.1000000000000000 0.2000000000000000 1.4000000000000001 14
5.0000000000000000 0.1000000000000000 0.2000000000000000 5.3000000000000007 53
5.0000000000000000 0.1000000000000000 0.2000000000000000 20.0000000000000000 200
6.0000000000000000 0.1000000000000000 0.2000000000000000 0.1000000000000000 1
6.0000000000000000 0.1000000000000000 0.2000000000000000 0.4000000000000000 4
6.0000000000000000 0.1000000000000000 0.2000000000000000 1.4000000000000001 14
6.0000000000000000 0.1000000000000000 0.2000000000000000 5.3000000000000007 53
6.0000000000000000 0.1000000000000000 0.2000000000000000 20.0000000000000000 200
7.0000000000000000 0.1000000000000000 0.2000000000000000 0.1000000000000000 1
7.0000000000000000 0.1000000000000000 0.2000000000000000 0.4000000000000000 4
7.0000000000000000 0.1000000000000000 0.2000000000000000 1.4000000000000001 14
7.0000000000000000 0.1000000000000000 0.2000000000000000 5.3000000000000007 53
7.0000000000000000 0.1000000000000000 0.2000000000000000 20.0000000000000000 200
8.0000000000000000 0.1000000000000000 0.2000000000000000 0.1000000000000000 1
8.0000000000000000 0.1000000000000000 0.2000000000000000 0.4000000000000000 4
8.0000000000000000 0.1000000000000000 0.2000000000000000 1.4000000000000001 14
8.0000000000000000 0.1000000000000000 0.2000000000000000 5.3000000000000007 53
8.0000000000000000 0.1000000000000000 0.2000000000000000 20.0000000000000000 200
9.0000000000000000 0.1000000000000000 0.2000000000000000 0.1000000000000000 1
9.0000000000000000 0.1000000000000000 0.2000000000000000 0.4000000000000000 4
9.0000000000000000 0.1000000000000000 0.2000000000000000 1.4000000000000001 14
9.0000000000000000 0.1000000000000000 0.2000000000000000 5.3000000000000007 53
9.0000000000000000 0.1000000000000000 0.2000000000000000 20.0000000000000000 200
10.0000000000000000 0.1000000000000000 0.2000000000000000 0.1000000000000000 1
10.0000000000000000 0.1000000000000000 0.2000000000000000 0.4000000000000000 4
10.0000000000000000 0.1000000000000000 0.2000000000000000 1.4000000000000001 14
10.0000000000000000 0.1000000000000000 0.2000000000000000 5.3000000000000007 53
10.0000000000000000 0.1000000000000000 0.2000000000000000 20.0000000000000000 200
1.0000000000000000 0.1888888888888889 0.2000000000000000 0.1000000000000000 1
1.0000000000000000 0.1888888888888889 0.2000000000000000 0.4000000000000000 4
1.0000000000000000 0.1888888888888889 0.2000000000000000 1.4000000000000001 14
1.0000000000000000 0.1888888888888889 0.2000000000000000 5.3000000000000007 53
1.0000000000000000 0.1888888888888889 0.2000000000000000 20.0000000000000000 200
2.0000000000000000 0.1888888888888889 0.2000000000000000 0.1000000000000000 1
2.0000000000000000 0.1888888888888889 0.2000000000000000 0.4000000000000000 4
2.0000000000000000 0.1888888888888889 0.2000000000000000 1.4000000000000001 14
2.0000000000000000 0.1888888888888889 0.2000000000000000 5.3000000000000007 53
2.0000000000000000 0.1888888888888889 0.2000000000000000 20.0000000000000000 200
3.0000000000000000 0.1888888888888889 0.2000000000000000 0.1000000000000000 1
3.0000000000000000 0.1888888888888889 0.2000000000000000 0.4000000000000000 4
3.0000000000000000 0.1888888888888889 0.2000000000000000 1.4000000000000001 14
3.0000000000000000 0.1888888888888889 0.2000000000000000 5.3000000000000007 53
3.0000000000000000 0.1888888888888889 0.2000000000000000 20.0000000000000000 200
4.0000000000000000 0.1888888888888889 0.2000000000000000 0.1000000000000000 1
4.0000000000000000 0.1888888888888889 0.2000000000000000 0.4000000000000000 4
4.0000000000000000 0.1888888888888889 0.2000000000000000 1.4000000000000001 14
4.0000000000000000 0.1888888888888889 0.2000000000000000 5.3000000000000007 53
4.0000000000000000 0.1888888888888889 0.2000000000000000 20.0000000000000000 200
5.0000000000000000 0.1888888888888889 0.2000000000000000 0.1000000000000000 1
5.0000000000000000 0.1888888888888889 0.2000000000000000 0.4000000000000000 4
5.0000000000000000 0.1888888888888889 0.2000000000000000 1.4000000000000001 14
5.0000000000000000 0.1888888888888889 0.2000000000000000 5.3000000000000007 53
5.0000000000000000 0.1888888888888889 0.2000000000000000 20.0000000000000000 200
6.0000000000000000 0.1888888888888889 0.2000000000000000 0.1000000000000000 1
6.0000000000000000 0.1888888888888889 0.2000000000000000 0.4000000000000000 4
6.0000000000000000 0.1888888888888889 0.2000000000000000 1.4000000000000001 14
6.0000000000000000 0.1888888888888889 0.2000000000000000 5.3000000000000007 53
6.0000000000000000 0.1888888888888889 0.2000000000000000 20.0000000000000000 200
7.0000000000000000 0.1888888888888889 0.2000000000000000 0.1000000000000000 1
7.0000000000000000 0.1888888888888889 0.2000000000000000 0.4000000000000000 4
7.0000000000000000 0.1888888888888889 0.2000000000000000 1.4000000000000001 14
7.0000000000000000 0.1888888888888889 0.2000000000000000 5.3000000000000007 53
7.0000000000000000 0.1888888888888889 0.2000000000000000 20.0000000000000000 200
8.0000000000000000 0.1888888888888889 0.2000000000000000 0.1000000000000000 1
8.0000000000000000 0.1888888888888889 0.2000000000000000 0.4000000000000000 4
8.0000000000000000 0.1888888888888889 0.2000000000000000 1.4000000000000001 14
8.0000000000000000 0.1888888888888889 0.2000000000000000 5.3000000000000007 53
8.0000000000000000 0.1888888888888889 0.2000000000000000 20.0000000000000000 200
9.0000000000000000 0.1888888888888889 0.2000000000000000 0.1000000000000000 1
9.0000000000000000 0.1888888888888889 0.2000000000000000 0.4000000000000000 4
9.0000000000000000 0.1888888888888889 0.2000000000000000 1.4000000000000001 14
9.0000000000000000 0.1888888888888889 0.2000000000000000 5.3000000000000007 53
9.0000000000000000 0.1888888888888889 0.2000000000000000 20.0000000000000000 200
10.0000000000000000 0.1888888888888889 0.2000000000000000 0.1000000000000000 1
10.0000000000000000 0.1888888888888889 0.2000000000000000 0.4000000000000000 4
10.0000000000000000 0.1888888888888889 0.2000000000000000 1.4000000000000001 14
10.0000000000000000 0.1888888888888889 0.2000000000000000 5.3000000000000007 53
10.0000000000000000 0.1888888888888889 0.2000000000000000 20.0000000000000000 200
1.0000000000000000 0.2777777777777778 0.2000000000000000 0.1000000000000000 1
1.0000000000000000 0.2777777777777778 0.2000000000000000 0.4000000000000000 4
1.0000000000000000 0.2777777777777778 0.2000000000000000 1.4000000000000001 14
1.0000000000000000 0.2777777777777778 0.2000000000000000 5.3000000000000007 53
1.0000000000000000 0.2777777777777778 0.2000000000000000 20.0000000000000000 200
2.0000000000000000 0.2777777777777778 0.2000000000000000 0.1000000000000000 1
2.0000000000000000 0.2777777777777778 0.2000000000000000 0.4000000000000000 4
2.0000000000000000 0.2777777777777778 0.2000000000000000 1.4000000000000001 14
2.0000000000000000 0.2777777777777778 0.2000000000000000 5.3000000000000007 53
2.0000000000000000 0.2777777777777778 0.2000000000000000 20.0000000000000000 200
3.0000000000000000 0.2777777777777778 0.2000000000000000 0.1000000000000000 1
3.0000000000000000 0.2777777777777778 0.2000000000000000 0.4000000000000000 4
3.0000000000000000 0.2777777777777778 0.2000000000000000 1.4000000000000001 14
3.0000000000000000 0.2777777777777778 0.2000000000000000 5.3000000000000007 53
3.0000000000000000 0.2777777777777778 0.2000000000000000 20.0000000000000000 200
4.0000000000000000 0.2777777777777778 0.2000000000000000 0.1000000000000000 1
4.0000000000000000 0.2777777777777778 0.2000000000000000 0.4000000000000000 4
4.0000000000000000 0.2777777777777778 0.2000000000000000 1.4000000000000001 14
4.0000000000000000 0.2777777777777778 0.2000000000000000 5.3000000000000007 53
4.0000000000000000 0.2777777777777778 0.2000000000000000 20.0000000000000000 200
5.0000000000000000 0.2777777777777778 0.2000000000000000 0.1000000000000000 1
5.0000000000000000 0.2777777777777778 0.2000000000000000 0.4000000000000000 4
5.0000000000000000 0.2777777777777778 0.2000000000000000 1.4000000000000001 14
5.0000000000000000 0.2777777777777778 0.2000000000000000 5.3000000000000007 53
5.0000000000000000 0.2777777777777778 0.2000000000000000 20.0000000000000000 200
6.0000000000000000 0.2777777777777778 0.2000000000000000 0.1000000000000000 1
6.0000000000000000 0.2777777777777778 0.2000000000000000 0.4000000000000000 4
6.0000000000000000 0.2777777777777778 0.2000000000000000 1.4000000000000001 14
6.0000000000000000 0.2777777777777778 0.2000000000000000 5.3000000000000007 53
6.0000000000000000 0.2777777777777778 0.2000000000000000 20.0000000000000000 200
7.0000000000000000 0.2777777777777778 0.2000000000000000 0.1000000000000000 1
7.0000000000000000 0.2777777777777778 0.2000000000000000 0.4000000000000000 4
7.0000000000000000 0.2777777777777778 0.2000000000000000 1.4000000000000001 14
7.0000000000000000 0.2777777777777778 0.2000000000000000 5.3000000000000007 53
7.0000000000000000 0.2777777777777778 0.2000000000000000 20.0000000000000000 200
8.0000000000000000 0.2777777777777778 0.2000000000000000 0.1000000000000000 1
8.0000000000000000 0.2777777777777778 0.2000000000000000 0.4000000000000000 4
8.0000000000000000 0.2777777777777778 0.2000000000000000 1.4000000000000001 14
8.0000000000000000 0.2777777777777778 0.2000000000000000 5.3000000000000007 53
8.0000000000000000 0.2777777777777778 0.2000000000000000 20.0000000000000000 200
9.0000000000000000 0.2777777777777778 0.2000000000000000 0.1000000000000000 1
9.0000000000000000 0.2777777777777778 0.2000000000000000 0.4000000000000000 4
9.0000000000000000 0.2777777777777778 0.2000000000000000 1.4000000000000001 14
9.0000000000000000 0.2777777777777778 0.2000000000000000 5.3000000000000007 53
9.0000000000000000 0.2777777777777778 0.2000000000000000 20.0000000000000000 200
10.0000000000000000 0.2777777777777778 0.2000000000000000 0.1000000000000000 1
10.0000000000000000 0.2777777777777778 0.2000000000000000 0.4000000000000000 4
10.0000000000000000 0.2777777777777778 0.2000000000000000 1.4000000000000001 14
10.0000000000000000 0.2777777777777778 0.2000000000000000 5.3000000000000007 53
10.0000000000000000 0.2777777777777778 0.2000000000000000 20.0000000000000000 200
1.0000000000000000 0.3666666666666667 0.2000000000000000 0.1000000000000000 1
1.0000000000000000 0.3666666666666667 0.2000000000000000 0.4000000000000000 4
1.0000000000000000 0.3666666666666667 0.2000000000000000 1.4000000000000001 14
1.0000000000000000 0.3666666666666667 0.2000000000000000 5.3000000000000007 53
1.0000000000000000 0.3666666666666667 0.2000000000000000 20.0000000000000000 200
2.0000000000000000 0.3666666666666667 0.2000000000000000 0.1000000000000000 1
2.0000000000000000 0.3666666666666667 0.2000000000000000 0.4000000000000000 4
2.0000000000000000 0.3666666666666667 0.2000000000000000 1.4000000000000001 14
2.0000000000000000 0.3666666666666667 0.2000000000000000 5.3000000000000007 53
2.0000000000000000 0.3666666666666667 0.2000000000000000 20.0000000000000000 200
3.0000000000000000 0.3666666666666667 0.2000000000000000 0.1000000000000000 1
3.0000000000000000 0.3666666666666667 0.2000000000000000 0.4000000000000000 4
3.0000000000000000 0.3666666666666667 0.2000000000000000 1.4000000000000001 14
3.0000000000000000 0.3666666666666667 0.2000000000000000 5.3000000000000007 53
3.0000000000000000 0.3666666666666667 0.2000000000000000 20.0000000000000000 200
4.0000000000000000 0.3666666666666667 0.2000000000000000 0.1000000000000000 1
4.0000000000000000 0.3666666666666667 0.2000000000000000 0.4000000000000000 4
4.0000000000000000 0.3666666666666667 0.2000000000000000 1.4000000000000001 14
4.0000000000000000 0.3666666666666667 0.2000000000000000 5.3000000000000007 53
4.0000000000000000 0.3666666666666667 0.2000000000000000 20.0000000000000000 200
5.0000000000000000 0.3666666666666667 0.2000000000000000 0.1000000000000000 1
5.0000000000000000 0.3666666666666667 0.2000000000000000 0.4000000000000000 4
5.0000000000000000 0.3666666666666667 0.2000000000000000 1.4000000000000001 14
5.0000000000000000 0.3666666666666667 0.2000000000000000 5.3000000000000007 53
5.0000000000000000 0.3666666666666667 0.2000000000000000 20.0000000000000000 200
6.0000000000000000 0.3666666666666667 0.2000000000000000 0.1000000000000000 1
6.0000000000000000 0.3666666666666667 0.2000000000000000 0.4000000000000000 4
6.0000000000000000 0.3666666666666667 0.2000000000000000 1.4000000000000001 14
6.0000000000000000 0.3666666666666667 0.2000000000000000 5.3000000000000007 53
6.0000000000000000 0.3666666666666667 0.2000000000000000 20.0000000000000000 200
7.0000000000000000 0.3666666666666667 0.2000000000000000 0.1000000000000000 1
7.0000000000000000 0.3666666666666667 0.2000000000000000 0.4000000000000000 4
7.0000000000000000 0.3666666666666667 0.2000000000000000 1.4000000000000001 14
7.0000000000000000 0.3666666666666667 0.2000000000000000 5.3000000000000007 53
7.0000000000000000 0.3666666666666667 0.2000000000000000 20.0000000000000000 200
8.0000000000000000 0.3666666666666667 0.2000000000000000 0.1000000000000000 1
8.0000000000000000 0.3666666666666667 0.2000000000000000 0.4000000000000000 4
8.0000000000000000 0.3666666666666667 0.2000000000000000 1.4000000000000001 14
8.0000000000000000 0.3666666666666667 0.2000000000000000 5.3000000000000007 53
8.0000000000000000 0.3666666666666667 0.2000000000000000 20.0000000000000000 200
9.0000000000000000 0.3666666666666667 0.2000000000000000 0.1000000000000000 1
9.0000000000000000 0.3666666666666667 0.2000000000000000 0.4000000000000000 4
9.0000000000000000 0.3666666666666667 0.2000000000000000 1.4000000000000001 14
9.0000000000000000 0.3666666666666667 0.2000000000000000 5.3000000000000007 53
9.0000000000000000 0.3666666666666667 0.2000000000000000 20.0000000000000000 200
10.0000000000000000 0.3666666666666667 0.2000000000000000 0.1000000000000000 1
10.0000000000000000 0.3666666666666667 0.2000000000000000 0.4000000000000000 4
10.0000000000000000 0.3666666666666667 0.2000000000000000 1.4000000000000001 14
10.0000000000000000 0.3666666666666667 0.2000000000000000 5.3000000000000007 53
10.0000000000000000 0.3666666666666667 0.2000000000000000 20.0000000000000000 200
1.0000000000000000 0.4555555555555556 0.2000000000000000 0.1000000000000000 1
1.0000000000000000 0.4555555555555556 0.2000000000000000 0.4000000000000000 4
1.0000000000000000 0.4555555555555556 0.2000000000000000 1.4000000000000001 14
1.0000000000000000 0.4555555555555556 0.2000000000000000 5.3000000000000007 53
1.0000000000000000 0.4555555555555556 0.2000000000000000 20.0000000000000000 200
2.0000000000000000 0.4555555555555556 0.2000000000000000 0.1000000000000000 1
2.0000000000000000 0.4555555555555556 0.2000000000000000 0.4000000000000000 4
2.0000000000000000 0.4555555555555556 0.2000000000000000 1.4000000000000001 14
2.0000000000000000 0.4555555555555556 0.2000000000000000 5.3000000000000007 53
2.0000000000000000 0.4555555555555556 0.2000000000000000 20.0000000000000000 200
3.0000000000000000 0.4555555555555556 0.2000000000000000 0.1000000000000000 1
3.0000000000000000 0.4555555555555556 0.2000000000000000 0.4000000000000000 4
3.0000000000000000 0.4555555555555556 0.2000000000000000 1.4000000000000001 14
3.0000000000000000 0.4555555555555556 0.2000000000000000 5.3000000000000007 53
3.0000000000000000 0.4555555555555556 0.2000000000000000 20.0000000000000000 200
4.0000000000000000 0.4555555555555556 0.2000000000000000 0.1000000000000000 1
4.0000000000000000 0.4555555555555556 0.2000000000000000 0.4000000000000000 4
4.0000000000000000 0.4555555555555556 0.2000000000000000 1.4000000000000001 14
4.0000000000000000 0.4555555555555556 0.2000000000000000 5.3000000000000007 53
4.0000000000000000 0.4555555555555556 0.2000000000000000 20.0000000000000000 200
5.0000000000000000 0.4555555555555556 0.2000000000000000 0.1000000000000000 1
5.0000000000000000 0.4555555555555556 0.2000000000000000 0.4000000000000000 4
5.0000000000000000 0.4555555555555556 0.2000000000000000 1.4000000000000001 14
5.0000000000000000 0.4555555555555556 0.2000000000000000 5.3000000000000007 53
5.0000000000000000 0.4555555555555556 0.2000000000000000 20.0000000000000000 200
6.0000000000000000 0.4555555555555556 0.2000000000000000 0.1000000000000000 1
6.0000000000000000 0.4555555555555556 0.2000000000000000 0.4000000000000000 4
6.0000000000000000 0.4555555555555556 0.2000000000000000 1.4000000000000001 14
6.0000000000000000 0.4555555555555556 0.2000000000000000 5.3000000000000007 53
6.0000000000000000 0.4555555555555556 0.2000000000000000 20.0000000000000000 200
7.0000000000000000 0.4555555555555556 0.2000000000000000 0.1000000000000000 1
7.0000000000000000 0.4555555555555556 0.2000000000000000 0.4000000000000000 4
7.0000000000000000 0.4555555555555556 0.2000000000000000 1.4000000000000001 14
7.0000000000000000 0.4555555555555556 0.2000000000000000 5.3000000000000007 53
7.0000000000000000 0.4555555555555556 0.2000000000000000 20.0000000000000000 200
8.0000000000000000 0.4555555555555556 0.2000000000000000 0.1000000000000000 1
8.0000000000000000 0.4555555555555556 0.2000000000000000 0.4000000000000000 4
8.0000000000000000 0.4555555555555556 0.2000000000000000 1.4000000000000001 14
8.0000000000000000 0.4555555555555556 0.2000000000000000 5.3000000000000007 53
8.0000000000000000 0.4555555555555556 0.2000000000000000 20.0000000000000000 200
9.0000000000000000 0.4555555555555556 0.2000000000000000 0.1000000000000000 1
9.0000000000000000 0.4555555555555556 0.2000000000000000 0.4000000000000000 4
9.0000000000000000 0.4555555555555556 0.2000000000000000 1.4000000000000001 14
9.0000000000000000 0.4555555555555556 0.2000000000000000 5.3000000000000007 53
9.0000000000000000 0.4555555555555556 0.2000000000000000 20.0000000000000000 200
10.0000000000000000 0.4555555555555556 0.2000000000000000 0.1000000000000000 1
10.0000000000000000 0.4555555555555556 0.2000000000000000 0.4000000000000000 4
10.0000000000000000 0.4555555555555556 0.2000000000000000 1.4000000000000001 14
10.0000000000000000 0.4555555555555556 0.2000000000000000 5.3000000000000007 53
10.0000000000000000 0.4555555555555556 0.2000000000000000 20.0000000000000000 200
1.0000000000000000 0.5444444444444445 0.2000000000000000 0.1000000000000000 1
1.0000000000000000 0.5444444444444445 0.2000000000000000 0.4000000000000000 4
1.0000000000000000 0.5444444444444445 0.2000000000000000 1.4000000000000001 14
1.0000000000000000 0.5444444444444445 0.2000000000000000 5.3000000000000007 53
1.0000000000000000 0.5444444444444445 0.2000000000000000 20.0000000000000000 200
2.0000000000000000 0.5444444444444445 0.2000000000000000 0.1000000000000000 1
2.0000000000000000 0.5444444444444445 0.2000000000000000 0.4000000000000000 4
2.0000000000000000 0.5444444444444445 0.2000000000000000 1.4000000000000001 14
2.0000000000000000 0.5444444444444445 0.2000000000000000 5.3000000000000007 53
2.0000000000000000 0.5444444444444445 0.2000000000000000 20.0000000000000000 200
3.0000000000000000 0.5444444444444445 0.2000000000000000 0.1000000000000000 1
3.0000000000000000 0.5444444444444445 0.2000000000000000 0.4000000000000000 4
3.0000000000000000 0.5444444444444445 0.2000000000000000 1.4000000000000001 14
3.0000000000000000 0.5444444444444445 0.2000000000000000 5.3000000000000007 53
3.0000000000000000 0.5444444444444445 0.2000000000000000 20.0000000000000000 200
4.0000000000000000 0.5444444444444445 0.2000000000000000 0.1000000000000000 1
4.0000000000000000 0.5444444444444445 0.2000000000000000 0.4000000000000000 4
4.0000000000000000 0.5444444444444445 0.2000000000000000 1.4000000000000001 14
4.0000000000000000 0.5444444444444445 0.2000000000000000 5.3000000000000007 53
4.0000000000000000 0.5444444444444445 0.2000000000000000 20.0000000000000000 200
5.0000000000000000 0.5444444444444445 0.2000000000000000 0.1000000000000000 1
5.0000000000000000 0.5444444444444445 0.2000000000000000 0.4000000000000000 4
5.0000000000000000 0.5444444444444445 0.2000000000000000 1.4000000000000001 14
5.0000000000000000 0.5444444444444445 0.2000000000000000 5.3000000000000007 53
5.0000000000000000 0.5444444444444445 0.2000000000000000 20.0000000000000000 200
6.0000000000000000 0.5444444444444445 0.2000000000000000 0.1000000000000000 1
6.0000000000000000 0.5444444444444445 0.2000000000000000 0.4000000000000000 4
6.0000000000000000 0.5444444444444445 0.2000000000000000 1.4000000000000001 14
6.0000000000000000 0.5444444444444445 0.2000000000000000 5.3000000000000007 53
6.0000000000000000 0.5444444444444445 0.2000000000000000 20.0000000000000000 200
7.0000000000000000 0.5444444444444445 0.2000000000000000 0.1000000000000000 1
7.0000000000000000 0.5444444444444445 0.2000000000000000 0.4000000000000000 4
7.0000000000000000 0.5444444444444445 0.2000000000000000 1.4000000000000001 14
7.0000000000000000 0.5444444444444445 0.2000000000000000 5.3000000000000007 53
7.0000000000000000 0.5444444444444445 0.2000000000000000 20.0000000000000000 200
8.0000000000000000 0.5444444444444445 0.2000000000000000 0.1000000000000000 1
8.0000000000000000 0.5444444444444445 0.2000000000000000 0.4000000000000000 4
8.0000000000000000 0.5444444444444445 0.2000000000000000 1.4000000000000001 14
8.0000000000000000 0.5444444444444445 0.2000000000000000 5.3000000000000007 53
8.0000000000000000 0.5444444444444445 0.2000000000000000 20.0000000000000000 200
9.0000000000000000 0.5444444444444445 0.2000000000000000 0.1000000000000000 1
9.0000000000000000 0.5444444444444445 0.2000000000000000 0.4000000000000000 4
9.0000000000000000 0.5444444444444445 0.2000000000000000 1.4000000000000001 14
9.0000000000000000 0.5444444444444445 0.2000000000000000 5.3000000000000007 53
9.0000000000000000 0.5444444444444445 0.2000000000000000 20.0000000000000000 200
10.0000000000000000 0.5444444444444445 0.2000000000000000 0.1000000000000000 1
10.0000000000000000 0.5444444444444445 0.2000000000000000 0.4000000000000000 4
10.0000000000000000 0.5444444444444445 0.2000000000000000 1.4000000000000001 14
10.0000000000000000 0.5444444444444445 0.2000000000000000 5.3000000000000007 53
10.0000000000000000 0.5444444444444445 0.2000000000000000 20.0000000000000000 200
1.0000000000000000 0.6333333333333333 0.2000000000000000 0.1000000000000000 1
1.0000000000000000 0.6333333333333333 0.2000000000000000 0.4000000000000000 4
1.0000000000000000 0.6333333333333333 0.2000000000000000 1.4000000000000001 14
1.0000000000000000 0.6333333333333333 0.2000000000000000 5.3000000000000007 53
1.0000000000000000 0.6333333333333333 0.2000000000000000 20.0000000000000000 200
2.0000000000000000 0.6333333333333333 0.2000000000000000 0.1000000000000000 1
2.0000000000000000 0.6333333333333333 0.2000000000000000 0.4000000000000000 4
2.0000000000000000 0.6333333333333333 0.2000000000000000 1.4000000000000001 14
2.0000000000000000 0.6333333333333333 0.2000000000000000 5.3000000000000007 53
2.0000000000000000 0.6333333333333333 0.2000000000000000 20.0000000000000000 200
3.0000000000000000 0.6333333333333333 0.2000000000000000 0.1000000000000000 1
3.0000000000000000 0.6333333333333333 0.2000000000000000 0.4000000000000000 4
3.0000000000000000 0.6333333333333333 0.2000000000000000 1.4000000000000001 14
3.0000000000000000 0.6333333333333333 0.2000000000000000 5.3000000000000007 53
3.0000000000000000 0.6333333333333333 0.2000000000000000 20.0000000000000000 200
4.0000000000000000 0.6333333333333333 0.2000000000000000 0.1000000000000000 1
4.0000000000000000 0.6333333333333333 0.2000000000000000 0.4000000000000000 4
4.0000000000000000 0.6333333333333333 0.2000000000000000 1.4000000000000001 14
4.0000000000000000 0.6333333333333333 0.2000000000000000 5.3000000000000007 53
4.0000000000000000 0.6333333333333333 0.2000000000000000 20.0000000000000000 200
5.0000000000000000 0.6333333333333333 0.2000000000000000 0.1000000000000000 1
5.0000000000000000 0.6333333333333333 0.2000000000000000 0.4000000000000000 4
5.0000000000000000 0.6333333333333333 0.2000000000000000 1.4000000000000001 14
5.0000000000000000 0.6333333333333333 0.2000000000000000 5.3000000000000007 53
5.0000000000000000 0.6333333333333333 0.2000000000000000 20.0000000000000000 200
6.0000000000000000 0.6333333333333333 0.2000000000000000 0.1000000000000000 1
6.0000000000000000 0.6333333333333333 0.2000000000000000 0.4000000000000000 4
6.0000000000000000 0.6333333333333333 0.2000000000000000 1.4000000000000001 14
6.0000000000000000 0.6333333333333333 0.2000000000000000 5.3000000000000007 53
6.0000000000000000 0.6333333333333333 0.2000000000000000 20.0000000000000000 200
7.0000000000000000 0.6333333333333333 0.2000000000000000 0.1000000000000000 1
7.0000000000000000 0.6333333333333333 0.2000000000000000 0.4000000000000000 4
7.0000000000000000 0.6333333333333333 0.2000000000000000 1.4000000000000001 14
7.0000000000000000 0.6333333333333333 0.2000000000000000 5.3000000000000007 53
7.0000000000000000 0.6333333333333333 0.2000000000000000 20.0000000000000000 200
8.0000000000000000 0.6333333333333333 0.2000000000000000 0.1000000000000000 1
8.0000000000000000 0.6333333333333333 0.2000000000000000 0.4000000000000000 4
8.0000000000000000 0.6333333333333333 0.2000000000000000 1.4000000000000001 14
8.0000000000000000 0.6333333333333333 0.2000000000000000 5.3000000000000007 53
8.0000000000000000 0.6333333333333333 0.2000000000000000 20.0000000000000000 200
9.0000000000000000 0.6333333333333333 0.2000000000000000 0.1000000000000000 1
9.0000000000000000 0.6333333333333333 0.2000000000000000 0.4000000000000000 4
9.0000000000000000 0.6333333333333333 0.2000000000000000 1.4000000000000001 14
9.0000000000000000 0.6333333333333333 0.2000000000000000 5.3000000000000007 53
9.0000000000000000 0.6333333333333333 0.2000000000000000 20.0000000000000000 200
10.0000000000000000 0.6333333333333333 0.2000000000000000 0.1000000000000000 1
10.0000000000000000 0.6333333333333333 0.2000000000000000 0.4000000000000000 4
10.0000000000000000 0.6333333333333333 0.2000000000000000 1.4000000000000001 14
10.0000000000000000 0.6333333333333333 0.2000000000000000 5.3000000000000007 53
10.0000000000000000 0.6333333333333333 0.2000000000000000 20.0000000000000000 200
1.0000000000000000 0.7222222222222222 0.2000000000000000 0.1000000000000000 1
1.0000000000000000 0.7222222222222222 0.2000000000000000 0.4000000000000000 4
1.0000000000000000 0.7222222222222222 0.2000000000000000 1.4000000000000001 14
1.0000000000000000 0.7222222222222222 0.2000000000000000 5.3000000000000007 53
1.0000000000000000 0.7222222222222222 0.2000000000000000 20.0000000000000000 200
2.0000000000000000 0.7222222222222222 0.2000000000000000 0.1000000000000000 1
2.0000000000000000 0.7222222222222222 0.2000000000000000 0.4000000000000000 4
2.0000000000000000 0.7222222222222222 0.2000000000000000 1.4000000000000001 14
2.0000000000000000 0.7222222222222222 0.2000000000000000 5.3000000000000007 53
2.0000000000000000 0.7222222222222222 0.2000000000000000 20.0000000000000000 200
3.0000000000000000 0.7222222222222222 0.2000000000000000 0.1000000000000000 1
3.0000000000000000 0.7222222222222222 0.2000000000000000 0.4000000000000000 4
3.0000000000000000 0.7222222222222222 0.2000000000000000 1.4000000000000001 14
3.0000000000000000 0.7222222222222222 0.2000000000000000 5.3000000000000007 53
3.0000000000000000 0.7222222222222222 0.2000000000000000 20.0000000000000000 200
4.0000000000000000 0.7222222222222222 0.2000000000000000 0.1000000000000000 1
4.0000000000000000 0.7222222222222222 0.2000000000000000 0.4000000000000000 4
4.0000000000000000 0.7222222222222222 0.2000000000000000 1.4000000000000001 14
4.0000000000000000 0.7222222222222222 0.2000000000000000 5.3000000000000007 53
4.0000000000000000 0.7222222222222222 0.2000000000000000 20.0000000000000000 200
5.0000000000000000 0.7222222222222222 0.2000000000000000 0.1000000000000000 1
5.0000000000000000 0.7222222222222222 0.2000000000000000 0.4000000000000000 4
5.0000000000000000 0.7222222222222222 0.2000000000000000 1.4000000000000001 14
5.0000000000000000 0.7222222222222222 0.2000000000000000 5.3000000000000007 53
5.0000000000000000 0.7222222222222222 0.2000000000000000 20.0000000000000000 200
6.0000000000000000 0.7222222222222222 0.2000000000000000 0.1000000000000000 1
6.0000000000000000 0.7222222222222222 0.2000000000000000 0.4000000000000000 4
6.0000000000000000 0.7222222222222222 0.2000000000000000 1.4000000000000001 14
6.0000000000000000 0.7222222222222222 0.2000000000000000 5.3000000000000007 53
6.0000000000000000 0.7222222222222222 0.2000000000000000 20.0000000000000000 200
7.0000000000000000 0.7222222222222222 0.2000000000000000 0.1000000000000000 1
7.0000000000000000 0.7222222222222222 0.2000000000000000 0.4000000000000000 4
7.0000000000000000 0.7222222222222222 0.2000000000000000 1.4000000000000001 14
7.0000000000000000 0.7222222222222222 0.2000000000000000 5.3000000000000007 53
7.0000000000000000 0.7222222222222222 0.2000000000000000 20.0000000000000000 200
8.0000000000000000 0.7222222222222222 0.2000000000000000 0.1000000000000000 1
8.0000000000000000 0.7222222222222222 0.2000000000000000 0.4000000000000000 4
8.0000000000000000 0.7222222222222222 0.2000000000000000 1.4000000000000001 14
8.0000000000000000 0.7222222222222222 0.2000000000000000 5.3000000000000007 53
8.0000000000000000 0.7222222222222222 0.2000000000000000 20.0000000000000000 200
9.0000000000000000 0.7222222222222222 0.2000000000000000 0.1000000000000000 1
9.0000000000000000 0.7222222222222222 0.2000000000000000 0.4000000000000000 4
9.0000000000000000 0.7222222222222222 0.2000000000000000 1.4000000000000001 14
9.0000000000000000 0.7222222222222222 0.2000000000000000 5.3000000000000007 53
9.0000000000000000 0.7222222222222222 0.2000000000000000 20.0000000000000000 200
10.0000000000000000 0.7222222222222222 0.2000000000000000 0.1000000000000000 1
10.0000000000000000 0.7222222222222222 0.2000000000000000 0.4000000000000000 4
10.0000000000000000 0.7222222222222222 0.2000000000000000 1.4000000000000001 14
10.0000000000000000 0.7222222222222222 0.2000000000000000 5.3000000000000007 53
10.0000000000000000 0.7222222222222222 0.2000000000000000 20.0000000000000000 200
1.0000000000000000 0.8111111111111111 0.2000000000000000 0.1000000000000000 1
1.0000000000000000 0.8111111111111111 0.2000000000000000 0.4000000000000000 4
1.0000000000000000 0.8111111111111111 0.2000000000000000 1.4000000000000001 14
1.0000000000000000 0.8111111111111111 0.2000000000000000 5.3000000000000007 53
1.0000000000000000 0.8111111111111111 0.2000000000000000 20.0000000000000000 200
2.0000000000000000 0.8111111111111111 0.2000000000000000 0.1000000000000000 1
2.0000000000000000 0.8111111111111111 0.2000000000000000 0.4000000000000000 4
2.0000000000000000 0.8111111111111111 0.2000000000000000 1.4000000000000001 14
2.0000000000000000 0.8111111111111111 0.2000000000000000 5.3000000000000007 53
2.0000000000000000 0.8111111111111111 0.2000000000000000 20.0000000000000000 200
3.0000000000000000 0.8111111111111111 0.2000000000000000 0.1000000000000000 1
3.0000000000000000 0.8111111111111111 0.2000000000000000 0.4000000000000000 4
3.0000000000000000 0.8111111111111111 0.2000000000000000 1.4000000000000001 14
3.0000000000000000 0.8111111111111111 0.2000000000000000 5.3000000000000007 53
3.0000000000000000 0.8111111111111111 0.2000000000000000 20.0000000000000000 200
4.0000000000000000 0.8111111111111111 0.2000000000000000 0.1000000000000000 1
4.0000000000000000 0.8111111111111111 0.2000000000000000 0.4000000000000000 4
4.0000000000000000 0.8111111111111111 0.2000000000000000 1.4000000000000001 14
4.0000000000000000 0.8111111111111111 0.2000000000000000 5.3000000000000007 53
4.0000000000000000 0.8111111111111111 0.2000000000000000 20.0000000000000000 200
5.0000000000000000 0.8111111111111111 0.2000000000000000 0.1000000000000000 1
5.0000000000000000 0.8111111111111111 0.2000000000000000 0.4000000000000000 4
5.0000000000000000 0.8111111111111111 0.2000000000000000 1.4000000000000001 14
5.0000000000000000 0.8111111111111111 0.2000000000000000 5.3000000000000007 53
5.0000000000000000 0.8111111111111111 0.2000000000000000 20.0000000000000000 200
6.0000000000000000 0.8111111111111111 0.2000000000000000 0.1000000000000000 1
6.0000000000000000 0.8111111111111111 0.2000000000000000 0.4000000000000000 4
6.0000000000000000 0.8111111111111111 0.2000000000000000 1.4000000000000001 14
6.0000000000000000 0.8111111111111111 0.2000000000000000 5.3000000000000007 53
6.0000000000000000 0.8111111111111111 0.2000000000000000 20.0000000000000000 200
7.0000000000000000 0.8111111111111111 0.2000000000000000 0.1000000000000000 1
7.0000000000000000 0.8111111111111111 0.2000000000000000 0.4000000000000000 4
7.0000000000000000 0.8111111111111111 0.2000000000000000 1.4000000000000001 14
7.0000000000000000 0.8111111111111111 0.2000000000000000 5.3000000000000007 53
7.0000000000000000 0.8111111111111111 0.2000000000000000 20.0000000000000000 200
8.0000000000000000 0.8111111111111111 0.2000000000000000 0.1000000000000000 1
8.0000000000000000 0.8111111111111111 0.2000000000000000 0.4000000000000000 4
8.0000000000000000 0.8111111111111111 0.2000000000000000 1.4000000000000001 14
8.0000000000000000 0.8111111111111111 0.2000000000000000 5.3000000000000007 53
8.0000000000000000 0.8111111111111111 0.2000000000000000 20.0000000000000000 200
9.0000000000000000 0.8111111111111111 0.2000000000000000 0.1000000000000000 1
9.0000000000000000 0.8111111111111111 0.2000000000000000 0.4000000000000000 4
9.0000000000000000 0.8111111111111111 0.2000000000000000 1.4000000000000001 14
9.0000000000000000 0.8111111111111111 0.2000000000000000 5.3000000000000007 53
9.0000000000000000 0.8111111111111111 0.2000000000000000 20.0000000000000000 200
10.0000000000000000 0.8111111111111111 0.2000000000000000 0.1000000000000000 1
10.0000000000000000 0.8111111111111111 0.2000000000000000 0.4000000000000000 4
10.0000000000000000 0.8111111111111111 0.2000000000000000 1.4000000000000001 14
10.0000000000000000 0.8111111111111111 0.2000000000000000 5.3000000000000007 53
10.0000000000000000 0.8111111111111111 0.2000000000000000 20.0000000000000000 200
1.0000000000000000 0.9000000000000000 0.2000000000000000 0.1000000000000000 1
1.0000000000000000 0.9000000000000000 0.2000000000000000 0.4000000000000000 4
1.0000000000000000 0.9000000000000000 0.2000000000000000 1.4000000000000001 14
1.0000000000000000 0.9000000000000000 0.2000000000000000 5.3000000000000007 53
1.0000000000000000 0.9000000000000000 0.2000000000000000 20.0000000000000000 200
2.0000000000000000 0.9000000000000000 0.2000000000000000 0.1000000000000000 1
2.0000000000000000 0.9000000000000000 0.2000000000000000 0.4000000000000000 4
2.0000000000000000 0.9000000000000000 0.2000000000000000 1.4000000000000001 14
2.0000000000000000 0.9000000000000000 0.2000000000000000 5.3000000000000007 53
2.0000000000000000 0.9000000000000000 0.2000000000000000 20.0000000000000000 200
3.0000000000000000 0.9000000000000000 0.2000000000000000 0.1000000000000000 1
3.0000000000000000 0.9000000000000000 0.2000000000000000 0.4000000000000000 4
3.0000000000000000 0.9000000000000000 0.2000000000000000 1.4000000000000001 14
3.0000000000000000 0.9000000000000000 0.2000000000000000 5.3000000000000007 53
3.0000000000000000 0.9000000000000000 0.2000000000000000 20.0000000000000000 200
4.0000000000000000 0.9000000000000000 0.2000000000000000 0.1000000000000000 1
4.0000000000000000 0.9000000000000000 0.2000000000000000 0.4000000000000000 4
4.0000000000000000 0.9000000000000000 0.2000000000000000 1.4000000000000001 14
4.0000000000000000 0.9000000000000000 0.2000000000000000 5.3000000000000007 53
4.0000000000000000 0.9000000000000000 0.2000000000000000 20.0000000000000000 200
5.0000000000000000 0.9000000000000000 0.2000000000000000 0.1000000000000000 1
5.0000000000000000 0.9000000000000000 0.2000000000000000 0.4000000000000000 4
5.0000000000000000 0.9000000000000000 0.2000000000000000 1.4000000000000001 14
5.0000000000000000 0.9000000000000000 0.2000000000000000 5.3000000000000007 53
5.0000000000000000 0.9000000000000000 0.2000000000000000 20.0000000000000000 200
6.0000000000000000 0.9000000000000000 0.2000000000000000 0.1000000000000000 1
6.0000000000000000 0.9000000000000000 0.2000000000000000 0.4000000000000000 4
6.0000000000000000 0.9000000000000000 0.2000000000000000 1.4000000000000001 14
6.0000000000000000 0.9000000000000000 0.2000000000000000 5.3000000000000007 53
6.0000000000000000 0.9000000000000000 0.2000000000000000 20.0000000000000000 200
7.0000000000000000 0.9000000000000000 0.2000000000000000 0.1000000000000000 1
7.0000000000000000 0.9000000000000000 0.2000000000000000 0.4000000000000000 4
7.0000000000000000 0.9000000000000000 0.2000000000000000 1.4000000000000001 14
7.0000000000000000 0.9000000000000000 0.2000000000000000 5.3000000000000007 53
7.0000000000000000 0.9000000000000000 0.2000000000000000 20.0000000000000000 200
8.0000000000000000 0.9000000000000000 0.2000000000000000 0.1000000000000000 1
8.0000000000000000 0.9000000000000000 0.2000000000000000 0.4000000000000000 4
8.0000000000000000 0.9000000000000000 0.2000000000000000 1.4000000000000001 14
8.0000000000000000 0.9000000000000000 0.2000000000000000 5.3000000000000007 53
8.0000000000000000 0.9000000000000000 0.2000000000000000 20.0000000000000000 200
9.0000000000000000 0.9000000000000000 0.2000000000000000 0.1000000000000000 1
9.0000000000000000 0.9000000000000000 0.2000000000000000 0.4000000000000000 4
9.0000000000000000 0.9000000000000000 0.2000000000000000 1.4000000000000001 14
9.0000000000000000 0.9000000000000000 0.2000000000000000 5.3000000000000007 53
9.0000000000000000 0.9000000000000000 0.2000000000000000 20.0000000000000000 200
10.0000000000000000 0.9000000000000000 0.2000000000000000 0.1000000000000000 1
10.0000000000000000 0.9000000000000000 0.2000000000000000 0.4000000000000000 4
10.0000000000000000 0.9000000000000000 0.2000000000000000 1.4000000000000001 14
10.0000000000000000 0.9000000000000000 0.2000000000000000 5.3000000000000007 53
10.0000000000000000 0.9000000000000000 0.2000000000000000 20.0000000000000000 200
