1.641119055660717585e+00 8.225334326963068543e-01 1.843759800987328223e-02 3.223708184810028521e-01
1.695458640468198164e+00 4.132750580900724224e-01 1.898834609607747206e-02 3.267523063244192061e-01
1.955630063565892973e+00 7.982515147489117613e-01 1.285695446739404391e-02 2.983844840901282991e-01
2.003455508277093511e+00 5.947248471978852091e-01 1.915456734499779504e-02 1.889205551487265211e-01
2.210526854280733922e+00 5.797446986271234115e-01 1.913685750535949054e-02 3.266913629014734921e-01
2.402109982311457337e+00 3.587729011295746062e-01 1.877839676940120522e-02 3.225104534426050940e-01
2.516981580787093442e+00 2.084813374142084064e-01 1.862561065882239672e-02 3.264209781066598204e-01
2.624688316096815299e+00 6.414963043014891841e-01 1.820906356468781143e-02 3.217927336183517006e-01
2.809756738453434544e+00 2.596623791212920862e-01 1.726465263844094433e-02 3.189150291472145904e-01
2.993055526113524323e+00 7.734046531139961989e-01 1.927648105276538390e-02 2.002512943523294398e-01
3.134092099599657733e+00 3.366920880077116096e-01 1.876317262341336070e-02 3.261587080202871247e-01
3.286838431776767600e+00 3.767332989950448185e-01 1.674795203009932926e-02 3.157049665417398510e-01
3.518003459355172335e+00 7.619634065449765181e-01 1.928012009756505801e-02 3.267538925283260398e-01
3.624422503904567883e+00 1.715337187764806037e-01 1.848536892876847040e-02 3.250097968945427351e-01
3.780838055054749347e+00 6.124548637459210632e-01 1.843221921550877371e-02 3.230130933312203578e-01
3.990055692980427171e+00 3.203425052551903129e-01 1.884537696571067858e-02 2.241463575998124125e-01
4.144871070195870644e+00 5.253474009728199556e-01 1.740534090297416250e-02 3.183070120902271594e-01
4.278445068799905826e+00 4.782498883907880805e-01 1.897282631625345911e-02 3.250443276997694309e-01
4.418217647681544236e+00 1.949950997261226115e-01 1.839146235037315488e-02 3.229029097972924145e-01
4.593709833547618082e+00 5.643105839398390167e-01 1.900947776442229314e-02 3.261245701580239298e-01
4.785324639403674141e+00 3.733867472789788033e-01 1.360818678233028690e-02 3.016446008216829844e-01
4.907173539419785513e+00 1.530697935656923914e-01 1.851474884910064497e-02 3.266570080872031046e-01
5.159212559146324040e+00 2.413401310328369131e-01 1.869746810929684422e-02 3.266966547608678995e-01
5.317632480299574915e+00 7.223965789704963614e-01 1.649715882824514049e-02 3.134818802768032930e-01
5.367579012481186851e+00 4.211566984122910862e-01 1.897804911637995806e-02 3.267365197217826367e-01
5.571266434077466911e+00 7.371065584145415350e-01 1.903639736837280105e-02 3.256040344052981705e-01
5.707957583679640123e+00 6.776268670206513356e-01 1.922263743147869727e-02 3.267528438483812137e-01
5.931758065736339347e+00 4.911760436963354959e-01 1.903854423660970505e-02 3.266421269721299647e-01
6.124931624337976110e+00 7.383412870770853509e-01 1.605942989318490804e-02 3.114735421131880067e-01
6.290671561329749473e+00 8.460606255116920327e-01 1.932236526696589143e-02 3.267189748154705753e-01
6.413024998757331119e+00 5.467331687938234985e-01 1.832366636135856000e-02 3.224297476246830718e-01
6.482624332814179269e+00 5.042368475931688909e-01 1.907320379499906002e-02 3.267538815349559922e-01
6.754196515354623287e+00 6.049853731485528296e-01 1.907554027302035479e-02 3.262920569045692498e-01
6.905666452348875772e+00 6.622805989878550736e-01 1.902445158100055794e-02 3.258030024294260585e-01
7.068014687603982438e+00 7.098969282234858236e-01 1.270418142738234495e-02 2.978842759825305331e-01
7.138705961586340187e+00 3.970366364461819231e-01 1.885121859935361827e-02 3.262387430142971723e-01
7.296167032231045013e+00 7.878557018434712012e-01 1.907611659927353417e-02 3.256492244578672035e-01
7.520672316122786860e+00 6.830252901561195689e-01 1.922623982287618993e-02 3.267537003516967631e-01
7.735069146469129464e+00 2.698859565507468750e-01 1.557537658969999905e-02 3.105919490063634436e-01
7.879501818771912802e+00 6.336945968694620568e-01 8.556851978199856920e-03 2.847400280766964609e-01
8.007867942697895813e+00 8.168135641155117588e-01 7.999325404747913842e-03 1.270765273113237670e-01
8.195313681269192685e+00 2.944373146546055975e-01 1.692877964598116583e-02 3.170273858914176013e-01
8.309053728187626220e+00 4.688186578950130912e-01 1.783050578902631300e-02 3.206285226073327110e-01
8.503694504151859235e+00 2.246226040744447872e-01 1.866704150150781324e-02 3.267511529573205453e-01
8.628614995908154839e+00 4.386657028346491738e-01 1.899374796906486487e-02 3.286630508066702427e-01
8.750800719364004721e+00 2.880434652294697195e-01 1.583745785797426725e-02 3.117304060443938374e-01
8.929562222963010498e+00 3.072900159961757249e-01 1.865614444886847662e-02 3.258939692085488504e-01
9.106573475913865678e+00 1.840376232566595105e-01 9.603402392369462040e-03 2.858928029116391545e-01
9.336366068298582732e+00 5.407393299491409788e-01 1.705424447231444068e-02 3.165699820641911244e-01
9.410874855625394275e+00 4.470254250725101963e-01 1.897978273149698164e-02 3.299890048887192950e-01
