# param1 param2 velocity_error viscosity_error
1.6411190557e+00 8.2253343270e-01 4.9360272493e-03 9.6110605512e-02
1.6411190557e+00 8.2253343270e-01 4.6797059022e-02 1.7033261214e-01
1.6411190557e+00 8.2253343270e-01 4.5848698234e-02 1.2778628815e-01
1.6411190557e+00 8.2253343270e-01 4.3588830686e-02 1.9143284713e-01
1.6411190557e+00 8.2253343270e-01 3.7854964802e-02 1.5581718418e-01
1.6411190557e+00 8.2253343270e-01 2.7752739884e-02 3.0417732422e-01
1.6411190557e+00 8.2253343270e-01 1.9535124971e-02 6.1262762399e-01
1.6411190557e+00 8.2253343270e-01 1.7929353408e-02 1.0090950427e-01
1.6411190557e+00 8.2253343270e-01 1.7933174276e-02 3.6392555127e-01
1.6411190557e+00 8.2253343270e-01 6.3573594531e-03 5.1490843460e-02
1.6954586405e+00 4.1327505809e-01 5.0124232590e-03 9.6101166018e-02
1.6954586405e+00 4.1327505809e-01 4.7292283847e-02 1.5679104396e-01
1.6954586405e+00 4.1327505809e-01 4.7164909654e-02 1.1041208566e-01
1.6954586405e+00 4.1327505809e-01 4.3917257817e-02 1.6643648750e-01
1.6954586405e+00 4.1327505809e-01 2.3361160192e-02 1.3850650353e-01
1.6954586405e+00 4.1327505809e-01 2.0730694362e-02 2.6671665254e-01
1.6954586405e+00 4.1327505809e-01 3.4142182123e-02 5.3128927017e-01
1.6954586405e+00 4.1327505809e-01 3.1859846866e-02 8.5377285110e-02
1.6954586405e+00 4.1327505809e-01 3.1820035862e-02 3.2319847114e-01
1.6954586405e+00 4.1327505809e-01 5.5213892195e-03 4.7122397601e-02
1.9556300636e+00 7.9825151475e-01 4.9352199571e-03 9.6095470336e-02
1.9556300636e+00 7.9825151475e-01 4.6775315105e-02 1.7908182927e-01
1.9556300636e+00 7.9825151475e-01 4.5812424013e-02 1.4356473993e-01
1.9556300636e+00 7.9825151475e-01 4.3450236371e-02 1.9062871259e-01
1.9556300636e+00 7.9825151475e-01 3.7197026611e-02 1.5485369742e-01
1.9556300636e+00 7.9825151475e-01 2.5055516051e-02 2.9965505636e-01
1.9556300636e+00 7.9825151475e-01 1.4465571239e-02 5.9400862507e-01
1.9556300636e+00 7.9825151475e-01 1.2592168670e-02 8.7785577773e-02
1.9556300636e+00 7.9825151475e-01 1.2621754417e-02 2.1550074460e-01
1.9556300636e+00 7.9825151475e-01 5.6746536131e-03 4.8205249107e-02
2.0034555083e+00 5.9472484720e-01 4.9455795291e-03 9.6095488615e-02
2.0034555083e+00 5.9472484720e-01 4.6857673932e-02 1.7364276981e-01
2.0034555083e+00 5.9472484720e-01 4.6077138336e-02 1.3610189726e-01
2.0034555083e+00 5.9472484720e-01 4.3390678727e-02 1.8232398363e-01
2.0034555083e+00 5.9472484720e-01 3.0953872666e-02 1.4768967719e-01
2.0034555083e+00 5.9472484720e-01 9.5409539750e-03 2.8569776651e-01
2.0034555083e+00 5.9472484720e-01 1.9357747823e-02 5.6174579918e-01
2.0034555083e+00 5.9472484720e-01 2.0469372193e-02 8.2188233840e-02
2.0034555083e+00 5.9472484720e-01 2.0446156922e-02 1.9326595004e-01
2.0034555083e+00 5.9472484720e-01 5.0188319912e-03 4.7389565302e-02
2.2105268543e+00 5.7974469863e-01 4.9483556945e-03 9.6097022340e-02
2.2105268543e+00 5.7974469863e-01 4.6837862725e-02 1.7747011255e-01
2.2105268543e+00 5.7974469863e-01 4.6029819701e-02 1.4349346872e-01
2.2105268543e+00 5.7974469863e-01 4.3272161760e-02 1.8287424583e-01
2.2105268543e+00 5.7974469863e-01 3.0503386336e-02 1.4668383981e-01
2.2105268543e+00 5.7974469863e-01 8.2284047582e-03 2.8176117276e-01
2.2105268543e+00 5.7974469863e-01 2.3781816491e-02 5.4733093351e-01
2.2105268543e+00 5.7974469863e-01 2.6019659081e-02 7.9956052993e-02
2.2105268543e+00 5.7974469863e-01 2.6068845172e-02 1.2309154215e-01
2.2105268543e+00 5.7974469863e-01 4.7543993554e-03 4.5283553878e-02
2.4021099823e+00 3.5877290113e-01 5.0654909739e-03 9.6096881738e-02
2.4021099823e+00 3.5877290113e-01 4.7232161572e-02 1.6869638985e-01
2.4021099823e+00 3.5877290113e-01 4.6898355669e-02 1.3451514581e-01
2.4021099823e+00 3.5877290113e-01 4.3707619702e-02 1.7030266646e-01
2.4021099823e+00 3.5877290113e-01 2.2413345493e-02 1.3480152128e-01
2.4021099823e+00 3.5877290113e-01 3.0927991859e-02 2.5386997862e-01
2.4021099823e+00 3.5877290113e-01 5.4681245787e-02 4.8181766353e-01
2.4021099823e+00 3.5877290113e-01 5.3802608339e-02 7.1199131909e-02
2.4021099823e+00 3.5877290113e-01 5.3959497945e-02 8.0874658307e-02
2.4021099823e+00 3.5877290113e-01 6.0233141136e-03 3.9171489607e-02
2.5169815808e+00 2.0848133741e-01 5.3841874475e-03 9.6099284233e-02
2.5169815808e+00 2.0848133741e-01 4.8130999804e-02 1.5713251723e-01
2.5169815808e+00 2.0848133741e-01 4.8817946193e-02 1.2305094677e-01
2.5169815808e+00 2.0848133741e-01 4.6011307637e-02 1.5347582496e-01
2.5169815808e+00 2.0848133741e-01 2.7505507194e-02 1.2369931164e-01
2.5169815808e+00 2.0848133741e-01 5.6322345096e-02 2.1733412270e-01
2.5169815808e+00 2.0848133741e-01 7.5473780095e-02 4.0960850048e-01
2.5169815808e+00 2.0848133741e-01 7.1367959314e-02 6.7618942309e-02
2.5169815808e+00 2.0848133741e-01 7.1304036800e-02 1.0247115016e-01
2.5169815808e+00 2.0848133741e-01 4.1371316163e-03 3.6263492323e-02
2.6246883161e+00 6.4149630430e-01 4.9396997507e-03 9.6096268173e-02
2.6246883161e+00 6.4149630430e-01 4.6751294503e-02 1.8625090910e-01
2.6246883161e+00 6.4149630430e-01 4.5818324545e-02 1.5925389418e-01
2.6246883161e+00 6.4149630430e-01 4.3117281764e-02 1.8763700334e-01
2.6246883161e+00 6.4149630430e-01 3.2970398517e-02 1.4801290393e-01
2.6246883161e+00 6.4149630430e-01 1.0645248016e-02 2.7859641149e-01
2.6246883161e+00 6.4149630430e-01 1.9739911670e-02 5.3023983356e-01
2.6246883161e+00 6.4149630430e-01 2.5274844046e-02 8.4054734005e-02
2.6246883161e+00 6.4149630430e-01 2.5502349122e-02 6.4328010513e-02
2.6246883161e+00 6.4149630430e-01 3.7144667735e-03 4.0925401154e-02
2.8097567385e+00 2.5966237912e-01 5.2362401926e-03 9.6096262671e-02
2.8097567385e+00 2.5966237912e-01 4.7594174017e-02 1.6533524555e-01
2.8097567385e+00 2.5966237912e-01 4.7578201890e-02 1.3487489897e-01
2.8097567385e+00 2.5966237912e-01 4.4766825386e-02 1.6539434310e-01
2.8097567385e+00 2.5966237912e-01 2.5653002795e-02 1.2689231530e-01
2.8097567385e+00 2.5966237912e-01 5.1219049246e-02 2.2881867404e-01
2.8097567385e+00 2.5966237912e-01 7.4828112581e-02 4.1805778279e-01
2.8097567385e+00 2.5966237912e-01 7.3052460768e-02 7.0716107148e-02
2.8097567385e+00 2.5966237912e-01 7.3295656952e-02 1.0914201398e-01
2.8097567385e+00 2.5966237912e-01 5.5021058290e-03 3.1374078335e-02
2.9930555261e+00 7.7340465311e-01 4.9347360539e-03 9.6096278352e-02
2.9930555261e+00 7.7340465311e-01 4.6720258846e-02 1.9425713539e-01
2.9930555261e+00 7.7340465311e-01 4.5708414601e-02 1.7321383369e-01
2.9930555261e+00 7.7340465311e-01 4.3198152838e-02 1.9156214736e-01
2.9930555261e+00 7.7340465311e-01 3.6895274231e-02 1.5072310321e-01
2.9930555261e+00 7.7340465311e-01 2.2546304070e-02 2.7688657179e-01
2.9930555261e+00 7.7340465311e-01 9.3146245702e-03 5.1903707562e-01
2.9930555261e+00 7.7340465311e-01 1.2918203341e-02 9.1046574128e-02
2.9930555261e+00 7.7340465311e-01 1.3444639419e-02 1.2383638222e-01
2.9930555261e+00 7.7340465311e-01 4.2537863374e-03 3.5247953376e-02
3.1340920996e+00 3.3669208801e-01 5.0974231258e-03 9.6095788909e-02
3.1340920996e+00 3.3669208801e-01 4.7140935950e-02 1.7499451342e-01
3.1340920996e+00 3.3669208801e-01 4.6597277580e-02 1.4881080621e-01
3.1340920996e+00 3.3669208801e-01 4.3588361519e-02 1.7848875869e-01
3.1340920996e+00 3.3669208801e-01 2.5099518450e-02 1.3233752395e-01
3.1340920996e+00 3.3669208801e-01 4.0323531663e-02 2.4078503243e-01
3.1340920996e+00 3.3669208801e-01 7.1154590743e-02 4.3236552922e-01
3.1340920996e+00 3.3669208801e-01 7.2360457204e-02 7.8779008651e-02
3.1340920996e+00 3.3669208801e-01 7.3081060352e-02 1.4716678084e-01
3.1340920996e+00 3.3669208801e-01 6.4545776314e-03 3.1384697702e-02
3.2868384318e+00 3.7673329900e-01 5.0513792516e-03 9.6095580783e-02
3.2868384318e+00 3.7673329900e-01 4.6993905367e-02 1.7940636518e-01
3.2868384318e+00 3.7673329900e-01 4.6294031611e-02 1.5526325201e-01
3.2868384318e+00 3.7673329900e-01 4.3240952579e-02 1.8347143442e-01
3.2868384318e+00 3.7673329900e-01 2.5862275333e-02 1.3486927472e-01
3.2868384318e+00 3.7673329900e-01 3.4138325127e-02 2.4480668552e-01
3.2868384318e+00 3.7673329900e-01 6.8027484956e-02 4.3766537284e-01
3.2868384318e+00 3.7673329900e-01 7.0926770137e-02 8.3084246895e-02
3.2868384318e+00 3.7673329900e-01 7.1802999225e-02 1.6833499705e-01
3.2868384318e+00 3.7673329900e-01 6.1702132740e-03 3.1985085231e-02
3.5180034594e+00 7.6196340654e-01 4.9346388000e-03 9.6095467974e-02
3.5180034594e+00 7.6196340654e-01 4.6700426165e-02 1.9827647127e-01
3.5180034594e+00 7.6196340654e-01 4.5673478083e-02 1.8176295510e-01
3.5180034594e+00 7.6196340654e-01 4.3127856977e-02 1.9408095573e-01
3.5180034594e+00 7.6196340654e-01 3.6874650724e-02 1.4926399351e-01
3.5180034594e+00 7.6196340654e-01 2.2018437314e-02 2.6572259689e-01
3.5180034594e+00 7.6196340654e-01 9.7246717290e-03 4.8429800232e-01
3.5180034594e+00 7.6196340654e-01 1.7014941926e-02 9.7381156737e-02
3.5180034594e+00 7.6196340654e-01 1.7776870490e-02 2.0928599553e-01
3.5180034594e+00 7.6196340654e-01 3.8750276756e-03 2.9069754759e-02
3.6244225039e+00 1.7153371878e-01 5.5925814151e-03 9.6098130151e-02
3.6244225039e+00 1.7153371878e-01 4.8134189375e-02 1.6035443145e-01
3.6244225039e+00 1.7153371878e-01 4.8466093937e-02 1.3588212447e-01
3.6244225039e+00 1.7153371878e-01 4.7636384870e-02 1.6425819278e-01
3.6244225039e+00 1.7153371878e-01 4.2510166050e-02 1.1782612928e-01
3.6244225039e+00 1.7153371878e-01 8.0219608308e-02 1.9387968956e-01
3.6244225039e+00 1.7153371878e-01 1.0140694474e-01 3.2097185398e-01
3.6244225039e+00 1.7153371878e-01 9.9354881808e-02 8.0638636830e-02
3.6244225039e+00 1.7153371878e-01 9.9483163702e-02 2.4201048505e-01
3.6244225039e+00 1.7153371878e-01 5.6884665956e-03 2.8776446765e-02
3.7808380551e+00 6.1245486375e-01 4.9434290368e-03 9.6095425233e-02
3.7808380551e+00 6.1245486375e-01 4.6683233383e-02 1.9565225384e-01
3.7808380551e+00 6.1245486375e-01 4.5675232301e-02 1.7923083367e-01
3.7808380551e+00 6.1245486375e-01 4.2866021369e-02 1.9550744744e-01
3.7808380551e+00 6.1245486375e-01 3.3191392784e-02 1.4516719065e-01
3.7808380551e+00 6.1245486375e-01 1.1085123052e-02 2.5572188870e-01
3.7808380551e+00 6.1245486375e-01 3.2221048464e-02 4.5653856366e-01
3.7808380551e+00 6.1245486375e-01 4.3846835946e-02 9.7593706201e-02
3.7808380551e+00 6.1245486375e-01 4.4622587569e-02 2.3997175225e-01
3.7808380551e+00 6.1245486375e-01 2.2033735918e-03 2.8893865129e-02
3.9900556930e+00 3.2034250526e-01 5.1259746997e-03 9.6095582493e-02
3.9900556930e+00 3.2034250526e-01 4.7064229215e-02 1.7960269945e-01
3.9900556930e+00 3.2034250526e-01 4.6350036632e-02 1.5990154017e-01
3.9900556930e+00 3.2034250526e-01 4.3444556009e-02 1.8977924389e-01
3.9900556930e+00 3.2034250526e-01 2.7899589713e-02 1.3100945856e-01
3.9900556930e+00 3.2034250526e-01 4.8677118965e-02 2.2925091611e-01
3.9900556930e+00 3.2034250526e-01 8.6828362983e-02 3.8786622917e-01
3.9900556930e+00 3.2034250526e-01 9.0082026496e-02 8.8427213748e-02
3.9900556930e+00 3.2034250526e-01 9.1682792913e-02 2.6750758266e-01
3.9900556930e+00 3.2034250526e-01 6.7994008059e-03 2.5114152307e-02
4.1448710702e+00 5.2534740097e-01 4.9630442662e-03 9.6095410981e-02
4.1448710702e+00 5.2534740097e-01 4.6697891451e-02 1.9420902271e-01
4.1448710702e+00 5.2534740097e-01 4.5701343472e-02 1.7899668008e-01
4.1448710702e+00 5.2534740097e-01 4.2743787639e-02 1.9817890320e-01
4.1448710702e+00 5.2534740097e-01 3.1115970020e-02 1.4231252340e-01
4.1448710702e+00 5.2534740097e-01 1.4940937213e-02 2.4593759777e-01
4.1448710702e+00 5.2534740097e-01 5.0998685882e-02 4.2819660105e-01
4.1448710702e+00 5.2534740097e-01 6.2788937022e-02 9.9068934401e-02
4.1448710702e+00 5.2534740097e-01 6.3870022954e-02 2.8259395636e-01
4.1448710702e+00 5.2534740097e-01 2.5501506553e-03 2.7405960982e-02
4.2784450688e+00 4.7824988839e-01 4.9815648777e-03 9.6095431310e-02
4.2784450688e+00 4.7824988839e-01 4.6726146387e-02 1.9249572522e-01
4.2784450688e+00 4.7824988839e-01 4.5746119049e-02 1.7736271531e-01
4.2784450688e+00 4.7824988839e-01 4.2723608073e-02 1.9904280930e-01
4.2784450688e+00 4.7824988839e-01 3.0012788803e-02 1.4056851933e-01
4.2784450688e+00 4.7824988839e-01 2.0728207309e-02 2.4139787357e-01
4.2784450688e+00 4.7824988839e-01 6.1280198936e-02 4.1536594096e-01
4.2784450688e+00 4.7824988839e-01 7.2190961132e-02 9.8864341243e-02
4.2784450688e+00 4.7824988839e-01 7.3482343725e-02 2.9666820484e-01
4.2784450688e+00 4.7824988839e-01 3.3684858513e-03 2.7184806574e-02
4.4182176477e+00 1.9499509973e-01 5.4868590658e-03 9.6095871901e-02
4.4182176477e+00 1.9499509973e-01 4.7705274784e-02 1.6749038247e-01
4.4182176477e+00 1.9499509973e-01 4.7453008020e-02 1.4806559342e-01
4.4182176477e+00 1.9499509973e-01 4.6164274327e-02 1.8272583608e-01
4.4182176477e+00 1.9499509973e-01 4.0636212110e-02 1.1912691294e-01
4.4182176477e+00 1.9499509973e-01 8.3444479562e-02 1.9933092740e-01
4.4182176477e+00 1.9499509973e-01 1.1118638492e-01 3.1045973688e-01
4.4182176477e+00 1.9499509973e-01 1.1114525286e-01 8.6781499246e-02
4.4182176477e+00 1.9499509973e-01 1.1248885219e-01 3.2359107567e-01
4.4182176477e+00 1.9499509973e-01 7.1022333526e-03 2.1666954009e-02
4.5937098335e+00 5.6431058394e-01 4.9524905767e-03 9.6095673891e-02
4.5937098335e+00 5.6431058394e-01 4.6658446875e-02 1.9814826766e-01
4.5937098335e+00 5.6431058394e-01 4.5622955023e-02 1.8605939805e-01
4.5937098335e+00 5.6431058394e-01 4.2728224813e-02 2.0253377634e-01
4.5937098335e+00 5.6431058394e-01 3.2651408680e-02 1.4415447471e-01
4.5937098335e+00 5.6431058394e-01 1.3181696334e-02 2.4114232666e-01
4.5937098335e+00 5.6431058394e-01 4.5299995253e-02 4.1323026413e-01
4.5937098335e+00 5.6431058394e-01 6.0281589244e-02 1.0380275053e-01
4.5937098335e+00 5.6431058394e-01 6.1395367183e-02 3.3135199338e-01
4.5937098335e+00 5.6431058394e-01 2.2126904568e-03 2.3239682066e-02
4.7853246394e+00 3.7338674728e-01 5.0586914327e-03 9.6095495560e-02
4.7853246394e+00 3.7338674728e-01 4.6842685722e-02 1.8776335401e-01
4.7853246394e+00 3.7338674728e-01 4.5910057221e-02 1.7353301053e-01
4.7853246394e+00 3.7338674728e-01 4.2850398222e-02 2.0301614095e-01
4.7853246394e+00 3.7338674728e-01 2.8909159351e-02 1.3622452891e-01
4.7853246394e+00 3.7338674728e-01 3.9571170913e-02 2.2760820662e-01
4.7853246394e+00 3.7338674728e-01 8.6583670044e-02 3.7595639123e-01
4.7853246394e+00 3.7338674728e-01 9.4845637574e-02 9.8994918505e-02
4.7853246394e+00 3.7338674728e-01 9.6880531454e-02 3.4657512187e-01
4.7853246394e+00 3.7338674728e-01 5.6620297571e-03 2.5084271235e-02
4.9071735394e+00 1.5306979357e-01 5.7465588391e-03 9.6101650855e-02
4.9071735394e+00 1.5306979357e-01 4.8062327270e-02 1.6189682888e-01
4.9071735394e+00 1.5306979357e-01 4.8033249528e-02 1.4403294386e-01
4.9071735394e+00 1.5306979357e-01 4.8275413758e-02 1.8271838503e-01
4.9071735394e+00 1.5306979357e-01 5.1697378270e-02 1.1470776248e-01
4.9071735394e+00 1.5306979357e-01 1.0152913903e-01 1.8332441776e-01
4.9071735394e+00 1.5306979357e-01 1.2413389866e-01 2.6314454384e-01
4.9071735394e+00 1.5306979357e-01 1.2348287642e-01 9.0946045111e-02
4.9071735394e+00 1.5306979357e-01 1.2439017593e-01 3.7138304081e-01
4.9071735394e+00 1.5306979357e-01 8.5597268440e-03 2.9087615565e-02
5.1592125591e+00 2.4134013103e-01 5.3131455768e-03 9.6095773266e-02
5.1592125591e+00 2.4134013103e-01 4.7272954944e-02 1.7585480347e-01
5.1592125591e+00 2.4134013103e-01 4.6580658322e-02 1.6067546267e-01
5.1592125591e+00 2.4134013103e-01 4.4284439794e-02 2.0113847591e-01
5.1592125591e+00 2.4134013103e-01 3.4854994676e-02 1.2619299702e-01
5.1592125591e+00 2.4134013103e-01 7.4113573512e-02 2.0731408426e-01
5.1592125591e+00 2.4134013103e-01 1.1524014165e-01 3.2038462903e-01
5.1592125591e+00 2.4134013103e-01 1.1732197788e-01 9.4539581629e-02
5.1592125591e+00 2.4134013103e-01 1.2004785989e-01 3.8254355188e-01
5.1592125591e+00 2.4134013103e-01 7.9497506924e-03 2.0547929371e-02
5.3176324803e+00 7.2239657897e-01 4.9349931750e-03 9.6095487023e-02
5.3176324803e+00 7.2239657897e-01 4.6649359066e-02 2.0558440879e-01
5.3176324803e+00 7.2239657897e-01 4.5587523873e-02 1.9859372549e-01
5.3176324803e+00 7.2239657897e-01 4.2980546346e-02 2.0662182580e-01
5.3176324803e+00 7.2239657897e-01 3.6859916111e-02 1.4913291833e-01
5.3176324803e+00 7.2239657897e-01 2.1247109500e-02 2.3429686351e-01
5.3176324803e+00 7.2239657897e-01 1.6239987345e-02 3.9415601248e-01
5.3176324803e+00 7.2239657897e-01 3.2168259575e-02 1.1093608126e-01
5.3176324803e+00 7.2239657897e-01 3.3401126043e-02 4.0201248425e-01
5.3176324803e+00 7.2239657897e-01 4.4004899173e-03 1.4991643461e-02
5.3675790125e+00 4.2115669841e-01 5.0165504193e-03 9.6095413981e-02
5.3675790125e+00 4.2115669841e-01 4.6727421487e-02 1.9310547396e-01
5.3675790125e+00 4.2115669841e-01 4.5703937347e-02 1.8228781218e-01
5.3675790125e+00 4.2115669841e-01 4.2624917442e-02 2.1047055480e-01
5.3675790125e+00 4.2115669841e-01 3.0135764571e-02 1.4066574471e-01
5.3675790125e+00 4.2115669841e-01 3.0810648214e-02 2.2475200143e-01
5.3675790125e+00 4.2115669841e-01 8.0583682499e-02 3.6746224863e-01
5.3675790125e+00 4.2115669841e-01 9.3958760318e-02 1.0522708032e-01
5.3675790125e+00 4.2115669841e-01 9.5831317160e-02 3.9364624181e-01
5.3675790125e+00 4.2115669841e-01 4.1704474797e-03 2.4020826006e-02
5.5712664341e+00 7.3710655841e-01 4.9347305449e-03 9.6095408951e-02
5.5712664341e+00 7.3710655841e-01 4.6651049515e-02 2.0662172347e-01
5.5712664341e+00 7.3710655841e-01 4.5587309899e-02 2.0069769269e-01
5.5712664341e+00 7.3710655841e-01 4.3009814749e-02 2.0810597204e-01
5.5712664341e+00 7.3710655841e-01 3.7260768186e-02 1.4988856713e-01
5.5712664341e+00 7.3710655841e-01 2.2716604611e-02 2.3080978752e-01
5.5712664341e+00 7.3710655841e-01 1.4460205411e-02 3.8503142439e-01
5.5712664341e+00 7.3710655841e-01 2.9950999558e-02 1.1238801022e-01
5.5712664341e+00 7.3710655841e-01 3.1274099815e-02 4.2175293308e-01
5.5712664341e+00 7.3710655841e-01 4.7056114625e-03 1.4599390268e-02
5.7079575837e+00 6.7762686702e-01 4.9369236624e-03 9.6095851989e-02
5.7079575837e+00 6.7762686702e-01 4.6629098229e-02 2.0546438209e-01
5.7079575837e+00 6.7762686702e-01 4.5557853928e-02 1.9944667593e-01
5.7079575837e+00 6.7762686702e-01 4.2880000140e-02 2.1024998455e-01
5.7079575837e+00 6.7762686702e-01 3.6109398027e-02 1.4925847651e-01
5.7079575837e+00 6.7762686702e-01 1.8612870396e-02 2.2806316647e-01
5.7079575837e+00 6.7762686702e-01 2.4247424674e-02 3.7793134619e-01
5.7079575837e+00 6.7762686702e-01 4.3334179147e-02 1.1214331292e-01
5.7079575837e+00 6.7762686702e-01 4.4559258086e-02 4.2815571594e-01
5.7079575837e+00 6.7762686702e-01 4.6077116598e-03 1.4048158477e-02
5.9317580657e+00 4.9117604370e-01 4.9765079972e-03 9.6095492329e-02
5.9317580657e+00 4.9117604370e-01 4.6640649148e-02 1.9880817879e-01
5.9317580657e+00 4.9117604370e-01 4.5564684241e-02 1.9121172121e-01
5.9317580657e+00 4.9117604370e-01 4.2566670451e-02 2.1546731847e-01
5.9317580657e+00 4.9117604370e-01 3.2054832825e-02 1.4543878900e-01
5.9317580657e+00 4.9117604370e-01 2.0575455092e-02 2.2127430275e-01
5.9317580657e+00 4.9117604370e-01 6.6242569661e-02 3.5945721896e-01
5.9317580657e+00 4.9117604370e-01 8.5640562584e-02 1.1022101261e-01
5.9317580657e+00 4.9117604370e-01 8.7094888459e-02 4.3411840209e-01
5.9317580657e+00 4.9117604370e-01 3.4976357874e-03 2.0426129364e-02
6.1249316243e+00 7.3834128708e-01 4.9347169297e-03 9.6095644165e-02
6.1249316243e+00 7.3834128708e-01 4.6644608385e-02 2.0798289469e-01
6.1249316243e+00 7.3834128708e-01 4.5575279555e-02 2.0387362635e-01
6.1249316243e+00 7.3834128708e-01 4.3009994782e-02 2.1173005376e-01
6.1249316243e+00 7.3834128708e-01 3.7488944713e-02 1.5125019128e-01
6.1249316243e+00 7.3834128708e-01 2.3518514022e-02 2.2316885393e-01
6.1249316243e+00 7.3834128708e-01 1.4670201060e-02 3.6567214133e-01
6.1249316243e+00 7.3834128708e-01 3.1179386365e-02 1.1474153858e-01
6.1249316243e+00 7.3834128708e-01 3.2611904531e-02 4.5859397941e-01
6.1249316243e+00 7.3834128708e-01 5.1952089598e-03 1.5327676615e-02
6.2906715613e+00 8.4606062551e-01 4.9369302073e-03 9.6100447242e-02
6.2906715613e+00 8.4606062551e-01 4.6700810789e-02 2.0982962738e-01
6.2906715613e+00 8.4606062551e-01 4.5646306535e-02 2.0709099338e-01
6.2906715613e+00 8.4606062551e-01 4.3255800671e-02 2.1054552784e-01
6.2906715613e+00 8.4606062551e-01 3.9382419789e-02 1.5299930736e-01
6.2906715613e+00 8.4606062551e-01 3.1280403450e-02 2.2178318231e-01
6.2906715613e+00 8.4606062551e-01 1.7658564460e-02 3.6220055464e-01
6.2906715613e+00 8.4606062551e-01 1.6097250631e-02 1.1693676981e-01
6.2906715613e+00 8.4606062551e-01 1.7708060003e-02 4.7431178400e-01
6.2906715613e+00 8.4606062551e-01 5.4714009384e-03 2.2257608462e-02
6.4130249988e+00 5.4673316879e-01 4.9572323676e-03 9.6095552945e-02
6.4130249988e+00 5.4673316879e-01 4.6606735491e-02 2.0262047356e-01
6.4130249988e+00 5.4673316879e-01 4.5513351798e-02 1.9730778912e-01
6.4130249988e+00 5.4673316879e-01 4.2617476708e-02 2.1828135012e-01
6.4130249988e+00 5.4673316879e-01 3.3647255687e-02 1.4869988514e-01
6.4130249988e+00 5.4673316879e-01 1.6493619098e-02 2.1703965623e-01
6.4130249988e+00 5.4673316879e-01 5.3607073753e-02 3.4978950918e-01
6.4130249988e+00 5.4673316879e-01 7.6612243780e-02 1.1323424772e-01
6.4130249988e+00 5.4673316879e-01 7.7873879504e-02 4.6533938733e-01
6.4130249988e+00 5.4673316879e-01 4.6233124834e-03 1.6979733261e-02
6.4826243328e+00 5.0423684759e-01 4.9712740722e-03 9.6095433413e-02
6.4826243328e+00 5.0423684759e-01 4.6617934479e-02 2.0072883203e-01
6.4826243328e+00 5.0423684759e-01 4.5522843569e-02 1.9503439634e-01
6.4826243328e+00 5.0423684759e-01 4.2555109661e-02 2.1984370258e-01
6.4826243328e+00 5.0423684759e-01 3.2757958220e-02 1.4785641937e-01
6.4826243328e+00 5.0423684759e-01 1.9436728918e-02 2.1538169874e-01
6.4826243328e+00 5.0423684759e-01 6.4227846637e-02 3.4532626225e-01
6.4826243328e+00 5.0423684759e-01 8.6617284179e-02 1.1287609987e-01
6.4826243328e+00 5.0423684759e-01 8.7960732926e-02 4.6727613584e-01
6.4826243328e+00 5.0423684759e-01 4.3143309806e-03 1.9226004738e-02
6.7541965154e+00 6.0498537315e-01 4.9448320770e-03 9.6095678874e-02
6.7541965154e+00 6.0498537315e-01 4.6597788058e-02 2.0552525314e-01
6.7541965154e+00 6.0498537315e-01 4.5502538409e-02 2.0183897344e-01
6.7541965154e+00 6.0498537315e-01 4.2719494045e-02 2.1925245725e-01
6.7541965154e+00 6.0498537315e-01 3.5107064563e-02 1.5112635030e-01
6.7541965154e+00 6.0498537315e-01 1.6634541219e-02 2.1393135628e-01
6.7541965154e+00 6.0498537315e-01 4.0101770450e-02 3.4289603970e-01
6.7541965154e+00 6.0498537315e-01 6.4408844484e-02 1.1520519680e-01
6.7541965154e+00 6.0498537315e-01 6.5654230777e-02 4.8683917683e-01
6.7541965154e+00 6.0498537315e-01 5.6904921980e-03 1.5142091713e-02
6.9056664523e+00 6.6228059899e-01 4.9380630133e-03 9.6095441710e-02
6.9056664523e+00 6.6228059899e-01 4.6607026297e-02 2.0748253107e-01
6.9056664523e+00 6.6228059899e-01 4.5518186043e-02 2.0477380873e-01
6.9056664523e+00 6.6228059899e-01 4.2840267016e-02 2.1870509523e-01
6.9056664523e+00 6.6228059899e-01 3.6336361583e-02 1.5259790423e-01
6.9056664523e+00 6.6228059899e-01 1.9450832809e-02 2.1269417782e-01
6.9056664523e+00 6.6228059899e-01 2.7724677302e-02 3.4028389935e-01
6.9056664523e+00 6.6228059899e-01 5.0895321853e-02 1.1636462213e-01
6.9056664523e+00 6.6228059899e-01 5.2238014956e-02 4.9775578030e-01
6.9056664523e+00 6.6228059899e-01 6.0752121376e-03 1.5833445872e-02
7.0680146876e+00 7.0989692822e-01 4.9353642299e-03 9.6095506228e-02
7.0680146876e+00 7.0989692822e-01 4.6622358204e-02 2.0889548550e-01
7.0680146876e+00 7.0989692822e-01 4.5540308961e-02 2.0699189312e-01
7.0680146876e+00 7.0989692822e-01 4.2946999050e-02 2.1839364846e-01
7.0680146876e+00 7.0989692822e-01 3.7288662024e-02 1.5375610229e-01
7.0680146876e+00 7.0989692822e-01 2.2689359141e-02 2.1113295377e-01
7.0680146876e+00 7.0989692822e-01 1.8974936392e-02 3.3673913038e-01
7.0680146876e+00 7.0989692822e-01 3.9728841751e-02 1.1747729900e-01
7.0680146876e+00 7.0989692822e-01 4.1221442888e-02 5.0842431749e-01
7.0680146876e+00 7.0989692822e-01 6.1266889809e-03 1.8523780457e-02
7.1387059616e+00 3.9703663645e-01 5.0378434349e-03 9.6095410208e-02
7.1387059616e+00 3.9703663645e-01 4.6687806901e-02 1.9511821993e-01
7.1387059616e+00 3.9703663645e-01 4.5585682745e-02 1.8938808725e-01
7.1387059616e+00 3.9703663645e-01 4.2485646409e-02 2.2780623618e-01
7.1387059616e+00 3.9703663645e-01 3.1315765221e-02 1.4687310892e-01
7.1387059616e+00 3.9703663645e-01 3.4879481597e-02 2.0602318782e-01
7.1387059616e+00 3.9703663645e-01 9.4357376895e-02 3.2153820589e-01
7.1387059616e+00 3.9703663645e-01 1.1408605785e-01 1.1360174157e-01
7.1387059616e+00 3.9703663645e-01 1.1585112964e-01 4.9690037281e-01
7.1387059616e+00 3.9703663645e-01 5.0331102386e-03 2.6132687084e-02
7.2961670322e+00 7.8785570184e-01 4.9349486282e-03 9.6095573483e-02
7.2961670322e+00 7.8785570184e-01 4.6659853796e-02 2.1071808631e-01
7.2961670322e+00 7.8785570184e-01 4.5591079375e-02 2.0987936101e-01
7.2961670322e+00 7.8785570184e-01 4.3126499998e-02 2.1756807450e-01
7.2961670322e+00 7.8785570184e-01 3.8668870517e-02 1.5526227640e-01
7.2961670322e+00 7.8785570184e-01 2.8164976281e-02 2.0886501505e-01
7.2961670322e+00 7.8785570184e-01 1.3012776662e-02 3.3148164083e-01
7.2961670322e+00 7.8785570184e-01 2.3067671782e-02 1.1934634974e-01
7.2961670322e+00 7.8785570184e-01 2.4933211745e-02 5.2342090343e-01
7.2961670322e+00 7.8785570184e-01 5.8173698414e-03 2.5036864789e-02
7.5206723161e+00 6.8302529016e-01 4.9366175839e-03 9.6096390805e-02
7.5206723161e+00 6.8302529016e-01 4.6607100467e-02 2.0879370704e-01
7.5206723161e+00 6.8302529016e-01 4.5516216050e-02 2.0762975990e-01
7.5206723161e+00 6.8302529016e-01 4.2888198091e-02 2.2188896825e-01
7.5206723161e+00 6.8302529016e-01 3.6956046994e-02 1.5498580365e-01
7.5206723161e+00 6.8302529016e-01 2.1505285005e-02 2.0585090275e-01
7.5206723161e+00 6.8302529016e-01 2.3643653274e-02 3.2454105136e-01
7.5206723161e+00 6.8302529016e-01 4.7216589909e-02 1.1837537023e-01
7.5206723161e+00 6.8302529016e-01 4.8689277347e-02 5.2776136840e-01
7.5206723161e+00 6.8302529016e-01 6.7049224729e-03 1.9916178995e-02
7.7350691465e+00 2.6988595655e-01 5.2413492854e-03 9.6095517262e-02
7.7350691465e+00 2.6988595655e-01 4.6962993468e-02 1.8351456523e-01
7.7350691465e+00 2.6988595655e-01 4.5918770479e-02 1.7644836126e-01
7.7350691465e+00 2.6988595655e-01 4.3014473253e-02 2.3466358291e-01
7.7350691465e+00 2.6988595655e-01 3.3433069555e-02 1.4184313697e-01
7.7350691465e+00 2.6988595655e-01 6.7219504612e-02 1.9554263996e-01
7.7350691465e+00 2.6988595655e-01 1.3336664649e-01 2.9253747421e-01
7.7350691465e+00 2.6988595655e-01 1.4231727217e-01 1.1221235539e-01
7.7350691465e+00 2.6988595655e-01 1.4558454200e-01 5.2218311593e-01
7.7350691465e+00 2.6988595655e-01 8.1365856165e-03 3.3537040188e-02
7.8795018188e+00 6.3369459687e-01 4.9409128951e-03 9.6095485530e-02
7.8795018188e+00 6.3369459687e-01 4.6587550185e-02 2.0794407314e-01
7.8795018188e+00 6.3369459687e-01 4.5483294712e-02 2.0703684692e-01
7.8795018188e+00 6.3369459687e-01 4.2779665454e-02 2.2550693815e-01
7.8795018188e+00 6.3369459687e-01 3.6175565045e-02 1.5565567490e-01
7.8795018188e+00 6.3369459687e-01 1.9211336102e-02 2.0180744786e-01
7.8795018188e+00 6.3369459687e-01 3.3621263205e-02 3.1534701904e-01
7.8795018188e+00 6.3369459687e-01 6.0623113302e-02 1.1877767393e-01
7.8795018188e+00 6.3369459687e-01 6.1988954876e-02 5.4008860439e-01
7.8795018188e+00 6.3369459687e-01 7.2774608029e-03 2.0045172269e-02
8.0078679427e+00 8.1681356412e-01 4.9357329009e-03 9.6095507540e-02
8.0078679427e+00 8.1681356412e-01 4.6673791267e-02 2.1189282648e-01
8.0078679427e+00 8.1681356412e-01 4.5608096101e-02 2.1262235575e-01
8.0078679427e+00 8.1681356412e-01 4.3197450476e-02 2.2052847019e-01
8.0078679427e+00 8.1681356412e-01 3.9242577994e-02 1.5777798713e-01
8.0078679427e+00 8.1681356412e-01 3.0545291450e-02 2.0099662611e-01
8.0078679427e+00 8.1681356412e-01 1.5483191332e-02 3.1346940515e-01
8.0078679427e+00 8.1681356412e-01 1.9134497144e-02 1.2175672827e-01
8.0078679427e+00 8.1681356412e-01 2.1216514060e-02 5.5517410670e-01
8.0078679427e+00 8.1681356412e-01 5.9345651894e-03 3.2567030731e-02
8.1953136813e+00 2.9443731465e-01 5.1848404950e-03 9.6095482562e-02
8.1953136813e+00 2.9443731465e-01 4.6862700752e-02 1.8691838541e-01
8.1953136813e+00 2.9443731465e-01 4.5766185363e-02 1.8133133177e-01
8.1953136813e+00 2.9443731465e-01 4.2719284796e-02 2.3887462845e-01
8.1953136813e+00 2.9443731465e-01 3.2440428471e-02 1.4643970790e-01
8.1953136813e+00 2.9443731465e-01 5.8891204985e-02 1.9376814356e-01
8.1953136813e+00 2.9443731465e-01 1.2858508349e-01 2.9163563050e-01
8.1953136813e+00 2.9443731465e-01 1.4212785786e-01 1.1531493491e-01
8.1953136813e+00 2.9443731465e-01 1.4472922229e-01 5.3958512891e-01
8.1953136813e+00 2.9443731465e-01 7.4568766089e-03 3.4901167433e-02
8.3090537282e+00 4.6881865790e-01 4.9878220146e-03 9.6095976529e-02
8.3090537282e+00 4.6881865790e-01 4.6594781330e-02 2.0146123656e-01
8.3090537282e+00 4.6881865790e-01 4.5455426025e-02 1.9937512166e-01
8.3090537282e+00 4.6881865790e-01 4.2466722031e-02 2.3422646980e-01
8.3090537282e+00 4.6881865790e-01 3.3145052376e-02 1.5451843895e-01
8.3090537282e+00 4.6881865790e-01 2.3132800495e-02 1.9657345152e-01
8.3090537282e+00 4.6881865790e-01 7.5640641593e-02 3.0316866703e-01
8.3090537282e+00 4.6881865790e-01 1.0482725531e-01 1.1858720977e-01
8.3090537282e+00 4.6881865790e-01 1.0583446408e-01 5.4783215658e-01
8.3090537282e+00 4.6881865790e-01 6.6901814312e-03 2.4474460606e-02
8.5036945042e+00 2.2462260407e-01 5.3880917641e-03 9.6100084655e-02
8.5036945042e+00 2.2462260407e-01 4.7130138106e-02 1.7836667755e-01
8.5036945042e+00 2.2462260407e-01 4.6109731991e-02 1.7162713962e-01
8.5036945042e+00 2.2462260407e-01 4.3521522481e-02 2.4109115285e-01
8.5036945042e+00 2.2462260407e-01 3.7099817780e-02 1.4119056259e-01
8.5036945042e+00 2.2462260407e-01 8.3410112423e-02 1.8804583333e-01
8.5036945042e+00 2.2462260407e-01 1.5142194041e-01 2.7423142508e-01
8.5036945042e+00 2.2462260407e-01 1.5598764432e-01 1.1401719353e-01
8.5036945042e+00 2.2462260407e-01 1.5977602115e-01 5.5035317969e-01
8.5036945042e+00 2.2462260407e-01 9.9360852908e-03 3.9467018808e-02
8.6286149959e+00 4.3866570283e-01 5.0058117192e-03 9.6097462173e-02
8.6286149959e+00 4.3866570283e-01 4.6608246064e-02 1.9998958732e-01
8.6286149959e+00 4.3866570283e-01 4.5459675889e-02 1.9799297630e-01
8.6286149959e+00 4.3866570283e-01 4.2427044983e-02 2.3750023010e-01
8.6286149959e+00 4.3866570283e-01 3.2768288750e-02 1.5514360013e-01
8.6286149959e+00 4.3866570283e-01 2.6784072333e-02 1.9352902347e-01
8.6286149959e+00 4.3866570283e-01 8.4668358985e-02 2.9652877363e-01
8.6286149959e+00 4.3866570283e-01 1.1386830605e-01 1.1935435691e-01
8.6286149959e+00 4.3866570283e-01 1.1480329526e-01 5.5790107041e-01
8.6286149959e+00 4.3866570283e-01 6.7725534882e-03 2.7263534364e-02
8.7508007194e+00 2.8804346523e-01 5.1995587165e-03 9.6096314055e-02
8.7508007194e+00 2.8804346523e-01 4.6863160243e-02 1.8672764911e-01
8.7508007194e+00 2.8804346523e-01 4.5745741617e-02 1.8195894268e-01
8.7508007194e+00 2.8804346523e-01 4.2689270457e-02 2.4363948583e-01
8.7508007194e+00 2.8804346523e-01 3.2752997005e-02 1.4896842073e-01
8.7508007194e+00 2.8804346523e-01 6.0111535669e-02 1.8978510924e-01
8.7508007194e+00 2.8804346523e-01 1.3299278081e-01 2.8417073636e-01
8.7508007194e+00 2.8804346523e-01 1.4765781273e-01 1.1749474666e-01
8.7508007194e+00 2.8804346523e-01 1.5002907935e-01 5.5886373437e-01
8.7508007194e+00 2.8804346523e-01 7.7572172724e-03 3.7653420029e-02
8.9295622230e+00 3.0729001600e-01 5.1600798921e-03 9.6095411598e-02
8.9295622230e+00 3.0729001600e-01 4.6803439840e-02 1.8892499368e-01
8.9295622230e+00 3.0729001600e-01 4.5666391976e-02 1.8488229389e-01
8.9295622230e+00 3.0729001600e-01 4.2559228344e-02 2.4468166228e-01
8.9295622230e+00 3.0729001600e-01 3.2292393977e-02 1.5126370629e-01
8.9295622230e+00 3.0729001600e-01 5.4079262845e-02 1.8914709106e-01
8.9295622230e+00 3.0729001600e-01 1.2727270366e-01 2.8434292176e-01
8.9295622230e+00 3.0729001600e-01 1.4530292734e-01 1.1864905724e-01
8.9295622230e+00 3.0729001600e-01 1.4719541904e-01 5.6472269235e-01
8.9295622230e+00 3.0729001600e-01 7.3403708897e-03 3.7327824933e-02
9.1065734759e+00 1.8403762326e-01 5.5851823150e-03 9.6096602851e-02
9.1065734759e+00 1.8403762326e-01 4.7356327884e-02 1.7175595950e-01
9.1065734759e+00 1.8403762326e-01 4.6397740929e-02 1.6486592197e-01
9.1065734759e+00 1.8403762326e-01 4.4419552379e-02 2.4502893239e-01
9.1065734759e+00 1.8403762326e-01 4.2860200287e-02 1.3888196714e-01
9.1065734759e+00 1.8403762326e-01 1.0171972371e-01 1.8159313826e-01
9.1065734759e+00 1.8403762326e-01 1.6748406260e-01 2.5775376969e-01
9.1065734759e+00 1.8403762326e-01 1.6659660079e-01 1.1494293507e-01
9.1065734759e+00 1.8403762326e-01 1.7079592490e-01 5.6901720572e-01
9.1065734759e+00 1.8403762326e-01 1.2264414708e-02 4.7006249922e-02
9.3363660683e+00 5.4073932995e-01 4.9592460228e-03 9.6104387520e-02
9.3363660683e+00 5.4073932995e-01 4.6560203179e-02 2.0568274420e-01
9.3363660683e+00 5.4073932995e-01 4.5419459469e-02 2.0617147236e-01
9.3363660683e+00 5.4073932995e-01 4.2587443930e-02 2.3729709340e-01
9.3363660683e+00 5.4073932995e-01 3.4985522371e-02 1.6009058176e-01
9.3363660683e+00 5.4073932995e-01 1.8812721128e-02 1.8808945784e-01
9.3363660683e+00 5.4073932995e-01 5.5455360406e-02 2.8552550012e-01
9.3363660683e+00 5.4073932995e-01 8.9375074923e-02 1.2135076120e-01
9.3363660683e+00 5.4073932995e-01 9.0459451820e-02 5.8625557522e-01
9.3363660683e+00 5.4073932995e-01 8.9371431385e-03 2.6167669533e-02
9.4108748556e+00 4.4702542507e-01 5.0006310197e-03 9.6108344959e-02
9.4108748556e+00 4.4702542507e-01 4.6588933692e-02 2.0069957233e-01
9.4108748556e+00 4.4702542507e-01 4.5426763563e-02 2.0002521006e-01
9.4108748556e+00 4.4702542507e-01 4.2424303994e-02 2.4219444999e-01
9.4108748556e+00 4.4702542507e-01 3.3277835328e-02 1.5882863080e-01
9.4108748556e+00 4.4702542507e-01 2.5234492592e-02 1.8734954087e-01
9.4108748556e+00 4.4702542507e-01 8.2324932915e-02 2.8392803537e-01
9.4108748556e+00 4.4702542507e-01 1.1524052643e-01 1.2120705197e-01
9.4108748556e+00 4.4702542507e-01 1.1592903409e-01 5.8358113680e-01
9.4108748556e+00 4.4702542507e-01 7.9818470394e-03 2.9250943720e-02
