1.0000000000000000 0.2000000000000000 0.2000000000000000 20.0000000000000000 200
3.1111111111111112 0.2000000000000000 0.2000000000000000 20.0000000000000000 200
5.2222222222222223 0.2000000000000000 0.2000000000000000 20.0000000000000000 200
7.3333333333333339 0.2000000000000000 0.2000000000000000 20.0000000000000000 200
9.4444444444444446 0.2000000000000000 0.2000000000000000 20.0000000000000000 200
11.5555555555555554 0.2000000000000000 0.2000000000000000 20.0000000000000000 200
13.6666666666666679 0.2000000000000000 0.2000000000000000 20.0000000000000000 200
15.7777777777777786 0.2000000000000000 0.2000000000000000 20.0000000000000000 200
17.8888888888888893 0.2000000000000000 0.2000000000000000 20.0000000000000000 200
20.0000000000000000 0.2000000000000000 0.2000000000000000 20.0000000000000000 200
