1.535751302222806913e+01 5.455327920727077728e-01 2.000000000000000111e-01 2.000000000000000000e+01 2.000000000000000000e+02
1.307665627184673696e+01 6.592785092173563122e-01 2.000000000000000111e-01 2.000000000000000000e+01 2.000000000000000000e+02
2.721063039013466245e+00 7.440932894750655890e-01 2.000000000000000111e-01 2.000000000000000000e+01 2.000000000000000000e+02
1.025658409791646264e+01 8.684729843473102395e-01 2.000000000000000111e-01 2.000000000000000000e+01 2.000000000000000000e+02
1.836866395216837233e+01 3.549754986306132842e-01 2.000000000000000111e-01 2.000000000000000000e+01 2.000000000000000000e+02
1.082750077321409421e+01 2.257834920614555096e-01 2.000000000000000111e-01 2.000000000000000000e+01 2.000000000000000000e+02
4.095483753958095718e+00 2.824066870710418842e-01 2.000000000000000111e-01 2.000000000000000000e+01 2.000000000000000000e+02
1.665383456621832892e+01 7.617064353854270387e-01 2.000000000000000111e-01 2.000000000000000000e+01 2.000000000000000000e+02
7.546288904669913755e+00 4.311842379658444857e-01 2.000000000000000111e-01 2.000000000000000000e+01 2.000000000000000000e+02
5.229483507743669435e+00 5.551264507805978576e-01 2.000000000000000111e-01 2.000000000000000000e+01 2.000000000000000000e+02
1.085790292311972394e+01 8.160654243477969416e-01 2.000000000000000111e-01 2.000000000000000000e+01 2.000000000000000000e+02
5.973886626806978128e+00 6.259868649715371047e-01 2.000000000000000111e-01 2.000000000000000000e+01 2.000000000000000000e+02
