1.535751302222806913e+01 5.455327920727077728e-01 2.000000000000000111e-01 2.000000000000000000e+01 2.000000000000000000e+02
1.307665627184673696e+01 6.592785092173563122e-01 2.000000000000000111e-01 2.000000000000000000e+01 2.000000000000000000e+02
2.721063039013466245e+00 7.440932894750655890e-01 2.000000000000000111e-01 2.000000000000000000e+01 2.000000000000000000e+02
1.025658409791646264e+01 8.684729843473102395e-01 2.000000000000000111e-01 2.000000000000000000e+01 2.000000000000000000e+02
1.836866395216837233e+01 3.549754986306132842e-01 2.000000000000000111e-01 2.000000000000000000e+01 2.000000000000000000e+02
1.082750077321409421e+01 2.257834920614555096e-01 2.000000000000000111e-01 2.000000000000000000e+01 2.000000000000000000e+02
4.095483753958095718e+00 2.824066870710418842e-01 2.000000000000000111e-01 2.000000000000000000e+01 2.000000000000000000e+02
1.665383456621832892e+01 7.617064353854270387e-01 2.000000000000000111e-01 2.000000000000000000e+01 2.000000000000000000e+02
7.546288904669913755e+00 4.311842379658444857e-01 2.000000000000000111e-01 2.000000000000000000e+01 2.000000000000000000e+02
5.229483507743669435e+00 5.551264507805978576e-01 2.000000000000000111e-01 2.000000000000000000e+01 2.000000000000000000e+02
1.867385550281159112e+01 5.451240736453828450e-01 2.000000000000000111e-01 2.000000000000000000e+01 2.000000000000000000e+02
3.632244189240637411e+00 5.480638977860664562e-01 2.000000000000000111e-01 2.000000000000000000e+01 2.000000000000000000e+02
3.915439463240057094e+00 2.842593477787358491e-01 2.000000000000000111e-01 2.000000000000000000e+01 2.000000000000000000e+02
1.746213708649020191e+01 7.754837680752633133e-01 2.000000000000000111e-01 2.000000000000000000e+01 2.000000000000000000e+02
1.250856602897654923e+01 8.495864261063874601e-01 2.000000000000000111e-01 2.000000000000000000e+01 2.000000000000000000e+02
1.462248962904793359e+01 2.535924739894805935e-01 2.000000000000000111e-01 2.000000000000000000e+01 2.000000000000000000e+02
2.160845007957856279e+00 6.342180074476356788e-01 2.000000000000000111e-01 2.000000000000000000e+01 2.000000000000000000e+02
1.016571963895427544e+01 3.905372807013268721e-01 2.000000000000000111e-01 2.000000000000000000e+01 2.000000000000000000e+02
6.398262036999413205e+00 7.415401342730258971e-01 2.000000000000000111e-01 2.000000000000000000e+01 2.000000000000000000e+02
1.243207291790551139e+01 6.700668465154593356e-01 2.000000000000000111e-01 2.000000000000000000e+01 2.000000000000000000e+02
1.090607671798337464e+01 3.962205843976486230e-01 2.000000000000000111e-01 2.000000000000000000e+01 2.000000000000000000e+02
1.459306628244702608e+01 5.923055052942778342e-01 2.000000000000000111e-01 2.000000000000000000e+01 2.000000000000000000e+02
3.363507077450711868e+00 6.337828133077272330e-01 2.000000000000000111e-01 2.000000000000000000e+01 2.000000000000000000e+02
1.174779985633866985e+01 6.133585297030309524e-01 2.000000000000000111e-01 2.000000000000000000e+01 2.000000000000000000e+02
1.772337644080387520e+01 7.914531501713431005e-01 2.000000000000000111e-01 2.000000000000000000e+01 2.000000000000000000e+02
2.642994724909693005e+00 2.999074148551797991e-01 2.000000000000000111e-01 2.000000000000000000e+01 2.000000000000000000e+02
1.597493635193989903e+01 7.582642056370991757e-01 2.000000000000000111e-01 2.000000000000000000e+01 2.000000000000000000e+02
4.478724604475694093e+00 8.210756113548758339e-01 2.000000000000000111e-01 2.000000000000000000e+01 2.000000000000000000e+02
1.795465318199990534e+01 2.646986314066359092e-01 2.000000000000000111e-01 2.000000000000000000e+01 2.000000000000000000e+02
3.548970786622398954e+00 5.181861849724427316e-01 2.000000000000000111e-01 2.000000000000000000e+01 2.000000000000000000e+02
1.227028558384792944e+01 3.988401009426719712e-01 2.000000000000000111e-01 2.000000000000000000e+01 2.000000000000000000e+02
1.851800112795866227e+01 3.530077574084271586e-01 2.000000000000000111e-01 2.000000000000000000e+01 2.000000000000000000e+02
4.676595249853973790e+00 5.343594905755859603e-01 2.000000000000000111e-01 2.000000000000000000e+01 2.000000000000000000e+02
1.928625071585463502e+01 7.575512007025866357e-01 2.000000000000000111e-01 2.000000000000000000e+01 2.000000000000000000e+02
1.554558572010702377e+01 4.657860875072045159e-01 2.000000000000000111e-01 2.000000000000000000e+01 2.000000000000000000e+02
3.116763752757128358e+00 6.585224119605391779e-01 2.000000000000000111e-01 2.000000000000000000e+01 2.000000000000000000e+02
6.985850116811850086e+00 2.761840207290181537e-01 2.000000000000000111e-01 2.000000000000000000e+01 2.000000000000000000e+02
1.566530769200895534e+01 8.007405096098663133e-01 2.000000000000000111e-01 2.000000000000000000e+01 2.000000000000000000e+02
2.368966655033031721e+00 7.593294911497479038e-01 2.000000000000000111e-01 2.000000000000000000e+01 2.000000000000000000e+02
4.834294017788844045e+00 4.628080830616370100e-01 2.000000000000000111e-01 2.000000000000000000e+01 2.000000000000000000e+02
1.544756476884352381e+01 5.908184649276728706e-01 2.000000000000000111e-01 2.000000000000000000e+01 2.000000000000000000e+02
8.304069993496506541e+00 8.182290719342195651e-01 2.000000000000000111e-01 2.000000000000000000e+01 2.000000000000000000e+02
1.906192542158566638e+01 5.119803738697993323e-01 2.000000000000000111e-01 2.000000000000000000e+01 2.000000000000000000e+02
8.477673235792984485e+00 6.207120257715444955e-01 2.000000000000000111e-01 2.000000000000000000e+01 2.000000000000000000e+02
1.587026162640365712e+01 2.541215396805313609e-01 2.000000000000000111e-01 2.000000000000000000e+01 2.000000000000000000e+02
1.058065538790816973e+01 4.775575963290987769e-01 2.000000000000000111e-01 2.000000000000000000e+01 2.000000000000000000e+02
1.589943025040359892e+00 4.119035302468617710e-01 2.000000000000000111e-01 2.000000000000000000e+01 2.000000000000000000e+02
8.842206738952073763e+00 7.754088804061205487e-01 2.000000000000000111e-01 2.000000000000000000e+01 2.000000000000000000e+02
4.783650840587561959e+00 3.537413082023339039e-01 2.000000000000000111e-01 2.000000000000000000e+01 2.000000000000000000e+02
1.926793364408203146e+01 6.428335977966427306e-01 2.000000000000000111e-01 2.000000000000000000e+01 2.000000000000000000e+02
2.491223117146204480e+00 8.099656131933137271e-01 2.000000000000000111e-01 2.000000000000000000e+01 2.000000000000000000e+02
1.402919170917099834e+01 2.901573931968004505e-01 2.000000000000000111e-01 2.000000000000000000e+01 2.000000000000000000e+02
8.871458221381837816e+00 5.717616511103328358e-01 2.000000000000000111e-01 2.000000000000000000e+01 2.000000000000000000e+02
2.531361695916680254e+00 2.812860892043391181e-01 2.000000000000000111e-01 2.000000000000000000e+01 2.000000000000000000e+02
1.895116500063416254e+01 8.206517116789422417e-01 2.000000000000000111e-01 2.000000000000000000e+01 2.000000000000000000e+02
1.917054248739562539e+01 3.089196130994466549e-01 2.000000000000000111e-01 2.000000000000000000e+01 2.000000000000000000e+02
1.578350707780214801e+00 3.010708237607662152e-01 2.000000000000000111e-01 2.000000000000000000e+01 2.000000000000000000e+02
9.352887698922813797e+00 6.487889232998615974e-01 2.000000000000000111e-01 2.000000000000000000e+01 2.000000000000000000e+02
1.679380601065059153e+01 2.539367901975069786e-01 2.000000000000000111e-01 2.000000000000000000e+01 2.000000000000000000e+02
1.987717545352482684e+00 7.765028979950996391e-01 2.000000000000000111e-01 2.000000000000000000e+01 2.000000000000000000e+02
