1.535751302222806913e+01 5.455327920727077728e-01 2.000000000000000111e-01 2.000000000000000000e+01 2.000000000000000000e+02
1.307665627184673696e+01 6.592785092173563122e-01 2.000000000000000111e-01 2.000000000000000000e+01 2.000000000000000000e+02
2.721063039013466245e+00 7.440932894750655890e-01 2.000000000000000111e-01 2.000000000000000000e+01 2.000000000000000000e+02
1.025658409791646264e+01 8.684729843473102395e-01 2.000000000000000111e-01 2.000000000000000000e+01 2.000000000000000000e+02
1.836866395216837233e+01 3.549754986306132842e-01 2.000000000000000111e-01 2.000000000000000000e+01 2.000000000000000000e+02
1.082750077321409421e+01 2.257834920614555096e-01 2.000000000000000111e-01 2.000000000000000000e+01 2.000000000000000000e+02
4.095483753958095718e+00 2.824066870710418842e-01 2.000000000000000111e-01 2.000000000000000000e+01 2.000000000000000000e+02
1.665383456621832892e+01 7.617064353854270387e-01 2.000000000000000111e-01 2.000000000000000000e+01 2.000000000000000000e+02
7.546288904669913755e+00 4.311842379658444857e-01 2.000000000000000111e-01 2.000000000000000000e+01 2.000000000000000000e+02
5.229483507743669435e+00 5.551264507805978576e-01 2.000000000000000111e-01 2.000000000000000000e+01 2.000000000000000000e+02
1.997488757235596069e+01 8.995747407113590111e-01 2.000000000000000111e-01 2.000000000000000000e+01 2.000000000000000000e+02
1.079539445690595123e+00 8.976499964420294742e-01 2.000000000000000111e-01 2.000000000000000000e+01 2.000000000000000000e+02
1.981956305085479642e+01 2.006460238742115154e-01 2.000000000000000111e-01 2.000000000000000000e+01 2.000000000000000000e+02
1.003933928123918795e+00 4.300060248490633064e-01 2.000000000000000111e-01 2.000000000000000000e+01 2.000000000000000000e+02
1.999253422439822003e+01 5.925549955670789126e-01 2.000000000000000111e-01 2.000000000000000000e+01 2.000000000000000000e+02
1.054692315457078200e+00 2.035302302252076090e-01 2.000000000000000111e-01 2.000000000000000000e+01 2.000000000000000000e+02
4.854021066664708783e+00 8.998144471700448843e-01 2.000000000000000111e-01 2.000000000000000000e+01 2.000000000000000000e+02
1.640733105766756239e+01 2.027885483441357883e-01 2.000000000000000111e-01 2.000000000000000000e+01 2.000000000000000000e+02
1.457616759357465952e+01 8.988488493592443618e-01 2.000000000000000111e-01 2.000000000000000000e+01 2.000000000000000000e+02
6.705472973812110382e+00 2.004995254352319733e-01 2.000000000000000111e-01 2.000000000000000000e+01 2.000000000000000000e+02
7.814454113920161760e+00 7.334793147494453880e-01 2.000000000000000111e-01 2.000000000000000000e+01 2.000000000000000000e+02
1.799080000252432043e+01 8.974009476644311256e-01 2.000000000000000111e-01 2.000000000000000000e+01 2.000000000000000000e+02
1.012811748816454305e+00 6.686359959400585140e-01 2.000000000000000111e-01 2.000000000000000000e+01 2.000000000000000000e+02
1.338846006702282843e+01 3.487967183826706230e-01 2.000000000000000111e-01 2.000000000000000000e+01 2.000000000000000000e+02
1.998418534868521235e+01 3.561234637406435199e-01 2.000000000000000111e-01 2.000000000000000000e+01 2.000000000000000000e+02
3.334722298264853446e+00 2.025655314515499850e-01 2.000000000000000111e-01 2.000000000000000000e+01 2.000000000000000000e+02
1.349713926999884883e+01 2.009528893559463791e-01 2.000000000000000111e-01 2.000000000000000000e+01 2.000000000000000000e+02
1.996419707646662189e+01 7.855457628174000728e-01 2.000000000000000111e-01 2.000000000000000000e+01 2.000000000000000000e+02
7.555126879494326708e+00 8.987439606013523097e-01 2.000000000000000111e-01 2.000000000000000000e+01 2.000000000000000000e+02
2.397386584336578252e+00 5.076753563602776076e-01 2.000000000000000111e-01 2.000000000000000000e+01 2.000000000000000000e+02
1.052779706848361485e+01 5.336843509649292772e-01 2.000000000000000111e-01 2.000000000000000000e+01 2.000000000000000000e+02
2.629886758936699653e+00 8.980133994472356829e-01 2.000000000000000111e-01 2.000000000000000000e+01 2.000000000000000000e+02
1.861796208744713255e+01 6.494815501465817098e-01 2.000000000000000111e-01 2.000000000000000000e+01 2.000000000000000000e+02
1.935317050889311830e+00 2.937348812984676982e-01 2.000000000000000111e-01 2.000000000000000000e+01 2.000000000000000000e+02
1.822953062972432647e+01 2.048272074269089082e-01 2.000000000000000111e-01 2.000000000000000000e+01 2.000000000000000000e+02
1.263236479133508183e+01 8.995896128698301908e-01 2.000000000000000111e-01 2.000000000000000000e+01 2.000000000000000000e+02
1.013339474347698577e+01 3.400678627549891253e-01 2.000000000000000111e-01 2.000000000000000000e+01 2.000000000000000000e+02
8.990274212323924985e+00 2.004444865663893571e-01 2.000000000000000111e-01 2.000000000000000000e+01 2.000000000000000000e+02
1.130861791931122617e+01 7.597139608842047309e-01 2.000000000000000111e-01 2.000000000000000000e+01 2.000000000000000000e+02
1.422885789484844032e+01 7.993361176370179511e-01 2.000000000000000111e-01 2.000000000000000000e+01 2.000000000000000000e+02
5.768238131746506347e+00 8.028643070631402701e-01 2.000000000000000111e-01 2.000000000000000000e+01 2.000000000000000000e+02
1.036715002857966805e+00 8.142146817286948224e-01 2.000000000000000111e-01 2.000000000000000000e+01 2.000000000000000000e+02
1.575102345717758467e+01 2.929258028883033327e-01 2.000000000000000111e-01 2.000000000000000000e+01 2.000000000000000000e+02
1.900818602194296503e+01 8.387355996482599441e-01 2.000000000000000111e-01 2.000000000000000000e+01 2.000000000000000000e+02
6.932110081286656289e+00 2.859483779486102772e-01 2.000000000000000111e-01 2.000000000000000000e+01 2.000000000000000000e+02
1.725060261680325624e+01 4.710951361702794826e-01 2.000000000000000111e-01 2.000000000000000000e+01 2.000000000000000000e+02
1.008224981295170020e+00 2.809077760371989085e-01 2.000000000000000111e-01 2.000000000000000000e+01 2.000000000000000000e+02
1.938020423659187941e+01 4.781758148199912739e-01 2.000000000000000111e-01 2.000000000000000000e+01 2.000000000000000000e+02
6.747936974278831102e+00 6.327667502810956357e-01 2.000000000000000111e-01 2.000000000000000000e+01 2.000000000000000000e+02
4.123468093594631512e+00 6.899004699028064014e-01 2.000000000000000111e-01 2.000000000000000000e+01 2.000000000000000000e+02
1.322809247683767708e+01 4.820221477514064490e-01 2.000000000000000111e-01 2.000000000000000000e+01 2.000000000000000000e+02
5.165215195268041626e+00 2.020071580674686340e-01 2.000000000000000111e-01 2.000000000000000000e+01 2.000000000000000000e+02
1.932054908376571234e+01 2.538508143232249270e-01 2.000000000000000111e-01 2.000000000000000000e+01 2.000000000000000000e+02
1.671766397589820485e+00 8.845067379880280356e-01 2.000000000000000111e-01 2.000000000000000000e+01 2.000000000000000000e+02
1.595806688441682120e+01 8.993909835590858659e-01 2.000000000000000111e-01 2.000000000000000000e+01 2.000000000000000000e+02
1.912797139612306196e+01 8.965649414314129650e-01 2.000000000000000111e-01 2.000000000000000000e+01 2.000000000000000000e+02
1.166624522635983041e+01 4.060363112452386458e-01 2.000000000000000111e-01 2.000000000000000000e+01 2.000000000000000000e+02
3.939964339841607988e+00 8.322535200949690015e-01 2.000000000000000111e-01 2.000000000000000000e+01 2.000000000000000000e+02
1.722214634467416516e+00 2.054956847130644249e-01 2.000000000000000111e-01 2.000000000000000000e+01 2.000000000000000000e+02
1.501594772384968479e+01 2.002532637132385107e-01 2.000000000000000111e-01 2.000000000000000000e+01 2.000000000000000000e+02
