15.3575130222280691 0.5455327920727078 0.2000000000000000 20.0000000000000000 200
13.0766562718467370 0.6592785092173563 0.2000000000000000 20.0000000000000000 200
2.7210630390134662 0.7440932894750656 0.2000000000000000 20.0000000000000000 200
10.2565840979164626 0.8684729843473102 0.2000000000000000 20.0000000000000000 200
18.3686639521683723 0.3549754986306133 0.2000000000000000 20.0000000000000000 200
10.8275007732140942 0.2257834920614555 0.2000000000000000 20.0000000000000000 200
4.0954837539580957 0.2824066870710419 0.2000000000000000 20.0000000000000000 200
16.6538345662183289 0.7617064353854270 0.2000000000000000 20.0000000000000000 200
7.5462889046699138 0.4311842379658445 0.2000000000000000 20.0000000000000000 200
5.2294835077436694 0.5551264507805979 0.2000000000000000 20.0000000000000000 200
